0.593111331329793 1 0.35
0.794544111011276 2 0.35
0.815232664930515 3 0.35
0.82234285967268 4 0.35
0.732786939915564 5 0.35
0.674922993718471 6 0.35
0.588367577129206 7 0.35
0.564003584816361 8 0.35
0.554746083530403 9 0.35
0.526026500543409 10 0.35
0.515840960457463 11 0.35
0.567780488268217 12 0.35
0.68664796935802 13 0.35
0.705417327160987 14 0.35
0.747687960223147 15 0.35
0.701342168259094 16 0.35
0.688118467387374 17 0.35
0.744929153220559 18 0.35
0.621543029891231 19 0.35
0.516624219038092 20 0.35
0.524868162425383 21 0.35
0.405422694473415 22 0.35
0.303890732060083 23 0.35
0.330765185803331 24 0.35
0.440450849564434 25 0.35
0.501301782648979 26 0.35
0.474291500713007 27 0.35
0.53595733369152 28 0.35
0.588031102612017 29 0.35
0.574125952867638 30 0.35
0.56741228139093 31 0.35
0.594812824690724 32 0.35
0.523557270704652 33 0.35
0.552391832458927 34 0.35
0.59953545970977 35 0.35
0.684721546017762 36 0.35
0.744943791229156 37 0.35
0.68263298265717 38 0.35
0.738870286851259 39 0.35
0.675752131930291 40 0.35
0.713823327335139 41 0.35
0.67081671459272 42 0.35
0.633806307994777 43 0.35
0.551260468017578 44 0.35
0.582402203044933 45 0.35
0.688455528294067 46 0.35
0.740543875818072 47 0.35
0.75956206295994 48 0.35
0.77051729003544 49 0.35
0.746376098515249 50 0.35
0.710637911600908 51 0.35
0.748971354761826 52 0.35
0.749122706156555 53 0.35
0.720974210508883 54 0.35
0.580951474753827 55 0.35
0.510009817723527 56 0.35
0.521229540306016 57 0.35
0.58093117337647 58 0.35
0.587294846723177 59 0.35
0.572924707806604 60 0.35
0.617161261142237 61 0.35
0.638529477419466 62 0.35
0.565547732506496 63 0.35
0.56098357076298 64 0.35
0.524702239816248 65 0.35
0.509205593289951 66 0.35
0.392241575750983 67 0.35
0.447404161602654 68 0.35
0.39646270133058 69 0.35
0.397781673235188 70 0.35
0.456633907588932 71 0.35
0.590728597174887 72 0.35
0.603310437259413 73 0.35
0.640195443923481 74 0.35
0.633800436873881 75 0.35
0.66773058767623 76 0.35
0.625704515050684 77 0.35
0.569859171250134 78 0.35
0.600814516758234 79 0.35
0.537075966590621 80 0.35
0.689919689667631 81 0.35
0.658128168783442 82 0.35
0.590013394333017 83 0.35
0.618680284576509 84 0.35
0.695933716274519 85 0.35
0.779641139138626 86 0.35
0.741689760042339 87 0.35
0.735778691588553 88 0.35
0.642800544416376 89 0.35
0.507114196903428 90 0.35
0.45777607328755 91 0.35
0.412498905351289 92 0.35
0.424306213093801 93 0.35
0.400618071113782 94 0.35
0.468326765548919 95 0.35
0.480124341677607 96 0.35
0.54978939924952 97 0.35
0.59429435854758 98 0.35
0.603502058528473 99 0.35
0.565235614865223 100 0.35
0.678067296429941 101 0.35
0.598397729199819 102 0.35
0.475436662502166 103 0.35
0.477552971910929 104 0.35
0.457317747298828 105 0.35
0.568325626561285 106 0.35
0.552406417639428 107 0.35
0.621925960009544 108 0.35
0.604934931363824 109 0.35
0.584755912808407 110 0.35
0.647920718521734 111 0.35
0.603629228793389 112 0.35
0.556547571709232 113 0.35
0.573039959382289 114 0.35
0.461963468233846 115 0.35
0.462037151813639 116 0.35
0.432327061058411 117 0.35
0.390276585363229 118 0.35
0.414142053869582 119 0.35
0.549959807303186 120 0.35
0.536978727529544 121 0.35
0.649083951284704 122 0.35
0.625284974939013 123 0.35
0.612493327760092 124 0.35
0.493987743522364 125 0.35
0.450582936260477 126 0.35
0.401358271902804 127 0.35
0.381689679812562 128 0.35
0.359489415723604 129 0.35
0.355934329154694 130 0.35
0.535735898814914 131 0.35
0.596360050773135 132 0.35
0.657043476564828 133 0.35
0.699526511139266 134 0.35
0.653964767449439 135 0.35
0.61381396221413 136 0.35
0.552669048211033 137 0.35
0.515513685114852 138 0.35
0.456637462624661 139 0.35
0.510727159366202 140 0.35
0.561120618955947 141 0.35
0.603987523705567 142 0.35
0.665745599918528 143 0.35
0.568904705413234 144 0.35
