0.736432306421532 1 0.35
0.752796871648347 2 0.35
0.675063412322537 3 0.35
0.64569252958998 4 0.35
0.67622183892371 5 0.35
0.600712941390368 6 0.35
0.562723328187723 7 0.35
0.637213730091056 8 0.35
0.609367648338502 9 0.35
0.530612434462024 10 0.35
0.546957174439586 11 0.35
0.704915262998103 12 0.35
0.719859747850401 13 0.35
0.761020117204701 14 0.35
0.749384266744483 15 0.35
0.732009096348739 16 0.35
0.807064574510837 17 0.35
0.784273810214059 18 0.35
0.737101759238082 19 0.35
0.725033334327734 20 0.35
0.557545508638266 21 0.35
0.549543837562614 22 0.35
0.528803980620805 23 0.35
0.595665821277484 24 0.35
0.65297321720965 25 0.35
0.746102807474539 26 0.35
0.723428968809325 27 0.35
0.714645267255361 28 0.35
0.713233532163402 29 0.35
0.720806295753705 30 0.35
0.642253676870881 31 0.35
0.584510725951628 32 0.35
0.63780263027603 33 0.35
0.654640781783899 34 0.35
0.618715274330549 35 0.35
0.638949410960296 36 0.35
0.607960631581811 37 0.35
0.590986215914298 38 0.35
0.573960190600239 39 0.35
0.64531399790641 40 0.35
0.649450773327437 41 0.35
0.654207936548117 42 0.35
0.692218621394518 43 0.35
0.540331086423877 44 0.35
0.475826705975475 45 0.35
0.623521022442176 46 0.35
0.703537447750605 47 0.35
0.748178475793461 48 0.35
0.800677735868932 49 0.35
0.820707293131863 50 0.35
0.827616340572439 51 0.35
0.724335406183167 52 0.35
0.75700645306103 53 0.35
0.726293522121628 54 0.35
0.745750689423882 55 0.35
0.683442196013807 56 0.35
0.716896332304262 57 0.35
0.562244051835004 58 0.35
0.568852388807362 59 0.35
0.559816089189936 60 0.35
0.62882165754667 61 0.35
0.665498209912795 62 0.35
0.65435903075566 63 0.35
0.620843695962597 64 0.35
0.683695191358717 65 0.35
0.624942475367331 66 0.35
0.569538500513099 67 0.35
0.540837383459807 68 0.35
0.417083063091643 69 0.35
0.433714492604954 70 0.35
0.419761313567519 71 0.35
0.518435984376058 72 0.35
0.507813813890155 73 0.35
0.527662293896285 74 0.35
0.556529631218461 75 0.35
0.540689743350049 76 0.35
0.552565249303668 77 0.35
0.517852027823807 78 0.35
0.525146751901429 79 0.35
0.443285915383131 80 0.35
0.351746091691488 81 0.35
0.357413601138145 82 0.35
0.366799112483594 83 0.35
0.403339625740785 84 0.35
0.60773134519233 85 0.35
0.609642282792467 86 0.35
0.569235328553144 87 0.35
0.510772157869625 88 0.35
0.44817373425877 89 0.35
0.427232861838768 90 0.35
0.364782120277194 91 0.35
0.357924318466616 92 0.35
0.280685009420291 93 0.35
0.278714429976284 94 0.35
0.291176604411508 95 0.35
0.315844356540192 96 0.35
0.401328581282386 97 0.35
0.416505040051237 98 0.35
0.412400712437425 99 0.35
0.412181218761461 100 0.35
0.369225164116759 101 0.35
0.316215663068533 102 0.35
0.267311547053045 103 0.35
0.264729269657768 104 0.35
0.258624667518669 105 0.35
0.294230937510454 106 0.35
0.316540048215078 107 0.35
0.454296122221587 108 0.35
0.546279397787114 109 0.35
0.560696461801525 110 0.35
0.543331997688658 111 0.35
0.522506188205365 112 0.35
0.509210226024069 113 0.35
0.541986354586885 114 0.35
0.50136832976748 115 0.35
0.632978504417854 116 0.35
0.600756007537015 117 0.35
0.676573619459943 118 0.35
0.703605606172759 119 0.35
0.744845746884388 120 0.35
0.68878767575223 121 0.35
0.673324991373274 122 0.35
0.644743685879341 123 0.35
0.663817354919927 124 0.35
0.611469865120759 125 0.35
0.631067417912049 126 0.35
0.604430739696214 127 0.35
0.430286924260663 128 0.35
0.495985009148382 129 0.35
0.619503751541082 130 0.35
0.640234578137598 131 0.35
0.672381645362467 132 0.35
0.743512091173635 133 0.35
0.666323135044992 134 0.35
0.681657773442483 135 0.35
0.570375441509966 136 0.35
0.527047028360682 137 0.35
0.536987642868015 138 0.35
0.485686121120541 139 0.35
0.488090962438805 140 0.35
0.59346448197623 141 0.35
0.67189531282611 142 0.35
0.685710003099743 143 0.35
0.665755925503478 144 0.35
