0.721415268905926 1 0.35
0.657617940895804 2 0.35
0.687013767326785 3 0.35
0.709649849445986 4 0.35
0.732658592395847 5 0.35
0.678959290875086 6 0.35
0.614908104697754 7 0.35
0.640341187505678 8 0.35
0.601636753259446 9 0.35
0.649688721978101 10 0.35
0.667086569936983 11 0.35
0.731300713845582 12 0.35
0.776492362753898 13 0.35
0.822065165491634 14 0.35
0.827580916732227 15 0.35
0.775337623342527 16 0.35
0.725088027999798 17 0.35
0.693534242993812 18 0.35
0.606621831746168 19 0.35
0.551704392279211 20 0.35
0.534476566642128 21 0.35
0.626682319179652 22 0.35
0.707022198927271 23 0.35
0.682966513877472 24 0.35
0.68242522735814 25 0.35
0.624567823090331 26 0.35
0.694486812482783 27 0.35
0.682347111592493 28 0.35
0.586296395865952 29 0.35
0.561630126328646 30 0.35
0.524540254073432 31 0.35
0.459756130591515 32 0.35
0.487296824190679 33 0.35
0.503248477280132 34 0.35
0.575526950087852 35 0.35
0.555382615955364 36 0.35
0.689980218329887 37 0.35
0.729976617147715 38 0.35
0.713817843997737 39 0.35
0.727266139822584 40 0.35
0.710444839058087 41 0.35
0.710530641942297 42 0.35
0.561851677766781 43 0.35
0.508186558071085 44 0.35
0.53532834358153 45 0.35
0.682468011137947 46 0.35
0.741858929429294 47 0.35
0.771577405841025 48 0.35
0.806676927239513 49 0.35
0.724078370134407 50 0.35
0.710103770242348 51 0.35
0.735467895654151 52 0.35
0.722394125153762 53 0.35
0.604585289405599 54 0.35
0.621483284001631 55 0.35
0.534832462092297 56 0.35
0.370376093605745 57 0.35
0.323080257268375 58 0.35
0.355417693181926 59 0.35
0.359787006390556 60 0.35
0.443145543500088 61 0.35
0.481309834647153 62 0.35
0.499515252811028 63 0.35
0.512550159564827 64 0.35
0.565659268625306 65 0.35
0.600836600171393 66 0.35
0.528980575181302 67 0.35
0.455078496236795 68 0.35
0.493954371973299 69 0.35
0.475611235627159 70 0.35
0.519836343183267 71 0.35
0.485436262493488 72 0.35
0.542024883528283 73 0.35
0.553765632182427 74 0.35
0.576366742695165 75 0.35
0.523348312426439 76 0.35
0.485987025713011 77 0.35
0.35791547301557 78 0.35
0.304825828227384 79 0.35
0.262799538275576 80 0.35
0.265120070047219 81 0.35
0.28515344436907 82 0.35
0.34842814104082 83 0.35
0.442536508799157 84 0.35
0.533084560273445 85 0.35
0.537300048461376 86 0.35
0.765930466987329 87 0.35
0.75624502783811 88 0.35
0.659712179020416 89 0.35
0.566915983013339 90 0.35
0.485377047644502 91 0.35
0.481554013412886 92 0.35
0.461744409906694 93 0.35
0.561823961451681 94 0.35
0.596498631954964 95 0.35
0.662929387478749 96 0.35
0.720901345472794 97 0.35
0.704343678494918 98 0.35
0.706787061017066 99 0.35
0.696678537884503 100 0.35
0.608338357706049 101 0.35
0.544236678824806 102 0.35
0.56973823781947 103 0.35
0.514269500339518 104 0.35
0.520108462271027 105 0.35
0.480173647534506 106 0.35
0.656909827842378 107 0.35
0.703360804641253 108 0.35
0.76686526537019 109 0.35
0.772605357381154 110 0.35
0.774843290241853 111 0.35
0.728285071387449 112 0.35
0.658333075148314 113 0.35
0.473782007309962 114 0.35
0.354154993733647 115 0.35
0.278920319284066 116 0.35
0.254382650992742 117 0.35
0.247005065339297 118 0.35
0.261523081966558 119 0.35
0.375662123064672 120 0.35
0.482158029907011 121 0.35
0.52171134977324 122 0.35
0.560813233846585 123 0.35
0.585162610811705 124 0.35
0.629249247161646 125 0.35
0.59835312547781 126 0.35
0.545352763708588 127 0.35
0.463530627201355 128 0.35
0.378283571697418 129 0.35
0.389550098828033 130 0.35
0.423586861633142 131 0.35
0.370502679109321 132 0.35
0.382929474909325 133 0.35
0.438435659215775 134 0.35
0.458464131537744 135 0.35
0.458857512831643 136 0.35
0.431816224192121 137 0.35
0.359627319472525 138 0.35
0.313282906671232 139 0.35
0.28302107078049 140 0.35
0.388376023746707 141 0.35
0.452754429526628 142 0.35
0.427113287123773 143 0.35
0.447162043305283 144 0.35
