0.754733449564442 1 0.35
0.712830538762217 2 0.35
0.750618581990381 3 0.35
0.719775382326025 4 0.35
0.69571556650952 5 0.35
0.741550877382896 6 0.35
0.621526509569508 7 0.35
0.654427830439834 8 0.35
0.627353177262921 9 0.35
0.676113428092344 10 0.35
0.644943764905705 11 0.35
0.609417250064806 12 0.35
0.7023127646415 13 0.35
0.714281225508433 14 0.35
0.734377379737449 15 0.35
0.763893329364495 16 0.35
0.650700475000785 17 0.35
0.64882061818428 18 0.35
0.50467825484329 19 0.35
0.473499257490014 20 0.35
0.448597492667562 21 0.35
0.451811819337624 22 0.35
0.570919929062361 23 0.35
0.569913176183861 24 0.35
0.654836071028048 25 0.35
0.725999734344398 26 0.35
0.728235056849771 27 0.35
0.712014716031999 28 0.35
0.715405634124789 29 0.35
0.617692200120878 30 0.35
0.519608253546658 31 0.35
0.470443240711845 32 0.35
0.484743437016231 33 0.35
0.404777205432813 34 0.35
0.590952190155428 35 0.35
0.675730258096004 36 0.35
0.707795896794311 37 0.35
0.739069196054979 38 0.35
0.803426655914826 39 0.35
0.736921175592374 40 0.35
0.734392863229238 41 0.35
0.567413284761503 42 0.35
0.486152398237157 43 0.35
0.405457314713565 44 0.35
0.398743248205124 45 0.35
0.299949307675701 46 0.35
0.35572069331573 47 0.35
0.426176766855205 48 0.35
0.452198951289632 49 0.35
0.531716162846741 50 0.35
0.588587169692064 51 0.35
0.64361014867232 52 0.35
0.637658784148104 53 0.35
0.614748521260367 54 0.35
0.59173020004458 55 0.35
0.605879095493761 56 0.35
0.495649938268308 57 0.35
0.421086961606261 58 0.35
0.517668094216358 59 0.35
0.555063535837343 60 0.35
0.59778209958419 61 0.35
0.606479849361463 62 0.35
0.713703766147646 63 0.35
0.715781731081456 64 0.35
0.618993856837621 65 0.35
0.58121783415809 66 0.35
0.425603829144455 67 0.35
0.574285424771838 68 0.35
0.557322725932069 69 0.35
0.613344548651356 70 0.35
0.697232258164237 71 0.35
0.664649088233749 72 0.35
0.668357649092411 73 0.35
0.67701158696078 74 0.35
0.65940755316297 75 0.35
0.620184633808229 76 0.35
0.595419347728809 77 0.35
0.571782870997839 78 0.35
0.54907691403469 79 0.35
0.508597635740507 80 0.35
0.474883145112938 81 0.35
0.519611209323427 82 0.35
0.575979127655245 83 0.35
0.651503794563768 84 0.35
0.675339427489687 85 0.35
0.627125942108409 86 0.35
0.677419178620233 87 0.35
0.599818428999753 88 0.35
0.617478450109179 89 0.35
0.603846133539213 90 0.35
0.449046647831891 91 0.35
0.389749927183746 92 0.35
0.380550705833284 93 0.35
0.332408281900082 94 0.35
0.390907834571363 95 0.35
0.517598740366274 96 0.35
0.488642204592418 97 0.35
0.467842219697753 98 0.35
0.478943520389335 99 0.35
0.446593890759141 100 0.35
0.564907293675834 101 0.35
0.489809420622821 102 0.35
0.419490543700753 103 0.35
0.422507502304431 104 0.35
0.363308018104978 105 0.35
0.435972530486247 106 0.35
0.54817483195032 107 0.35
0.595289567668291 108 0.35
0.610789924906229 109 0.35
0.654676701271112 110 0.35
0.6856835350053 111 0.35
0.686181001972967 112 0.35
0.593480415894319 113 0.35
0.613386682693483 114 0.35
0.589550328818938 115 0.35
0.60130776056172 116 0.35
0.556448665990155 117 0.35
0.607761851685393 118 0.35
0.63465698393216 119 0.35
0.685605999497533 120 0.35
0.698192898245821 121 0.35
0.771052525033403 122 0.35
0.730953320780454 123 0.35
0.741859239031915 124 0.35
0.724821694237375 125 0.35
0.675731597379052 126 0.35
0.522413424800136 127 0.35
0.51589626915351 128 0.35
0.538225043349159 129 0.35
0.553863000691429 130 0.35
0.489292470615352 131 0.35
0.53751713433389 132 0.35
0.607362564418117 133 0.35
0.55597749932443 134 0.35
0.56644576277192 135 0.35
0.543416041002957 136 0.35
0.549676838852472 137 0.35
0.478199133772125 138 0.35
0.42407045651619 139 0.35
0.409717749844238 140 0.35
0.421553222269068 141 0.35
0.410518598382889 142 0.35
0.408119228500728 143 0.35
0.414148416626704 144 0.35
