0.641230598788531 1 0.35
0.677292940914772 2 0.35
0.667069059036291 3 0.35
0.73086416693147 4 0.35
0.678381138550044 5 0.35
0.586461330983447 6 0.35
0.438443436363545 7 0.35
0.407663580186421 8 0.35
0.433379822887354 9 0.35
0.44837539513703 10 0.35
0.502600436249926 11 0.35
0.518681319224275 12 0.35
0.460763711989997 13 0.35
0.535650571163771 14 0.35
0.674610685032353 15 0.35
0.642455872568412 16 0.35
0.710768891863822 17 0.35
0.629990118446776 18 0.35
0.567711986660717 19 0.35
0.556377268835884 20 0.35
0.568784552923873 21 0.35
0.541128545712609 22 0.35
0.554102624581497 23 0.35
0.58251237353837 24 0.35
0.657426868883971 25 0.35
0.677328755928428 26 0.35
0.644077135585611 27 0.35
0.662479709041559 28 0.35
0.551906814863015 29 0.35
0.493068521301024 30 0.35
0.443626701701176 31 0.35
0.344705183687908 32 0.35
0.30630578627085 33 0.35
0.372013845290397 34 0.35
0.47119757715848 35 0.35
0.534296502762137 36 0.35
0.61651451681975 37 0.35
0.690220593101187 38 0.35
0.763876326645349 39 0.35
0.822325411840544 40 0.35
0.726753121708148 41 0.35
0.691824095531008 42 0.35
0.656131677562917 43 0.35
0.634434550089102 44 0.35
0.614719342095768 45 0.35
0.55977571549093 46 0.35
0.597094443615392 47 0.35
0.623340325502957 48 0.35
0.693826375524006 49 0.35
0.718170374053797 50 0.35
0.700167678001382 51 0.35
0.715778028259834 52 0.35
0.710113054852788 53 0.35
0.650507418892739 54 0.35
0.552514394688026 55 0.35
0.608959470628246 56 0.35
0.55675174554586 57 0.35
0.476980807493293 58 0.35
0.508122618673633 59 0.35
0.535644927624621 60 0.35
0.604000435333837 61 0.35
0.61550807706931 62 0.35
0.590877063546183 63 0.35
0.61055843298674 64 0.35
0.621381261649556 65 0.35
0.545865502575272 66 0.35
0.528974216340142 67 0.35
0.48862875374422 68 0.35
0.501258136717548 69 0.35
0.480143693800777 70 0.35
0.567706423337886 71 0.35
0.629095977986705 72 0.35
0.690299315294965 73 0.35
0.736532249442004 74 0.35
0.73380698911132 75 0.35
0.714787846022975 76 0.35
0.654513025267601 77 0.35
0.562887750861982 78 0.35
0.508893934801755 79 0.35
0.464790096589784 80 0.35
0.465662786784416 81 0.35
0.538666048962738 82 0.35
0.638656624754621 83 0.35
0.652985921830999 84 0.35
0.729623025775887 85 0.35
0.785706745910435 86 0.35
0.798012821436073 87 0.35
0.777439107762721 88 0.35
0.754309363030039 89 0.35
0.744289253013553 90 0.35
0.647302166842479 91 0.35
0.586549470320717 92 0.35
0.684428153587703 93 0.35
0.724612590095191 94 0.35
0.704725475727913 95 0.35
0.742149226222635 96 0.35
0.756682429354523 97 0.35
0.662151438239126 98 0.35
0.618799748761777 99 0.35
0.5998598933911 100 0.35
0.56197917221709 101 0.35
0.516142067055753 102 0.35
0.373784992373912 103 0.35
0.30498723005886 104 0.35
0.312648883812734 105 0.35
0.314529270302263 106 0.35
0.369308350674895 107 0.35
0.500632398925033 108 0.35
0.606250587114074 109 0.35
0.700975567144491 110 0.35
0.746714587507412 111 0.35
0.75154452897997 112 0.35
0.730146577328467 113 0.35
0.604937295104392 114 0.35
0.54052720379175 115 0.35
0.535381231252402 116 0.35
0.500501455134308 117 0.35
0.53600991456695 118 0.35
0.572118697800665 119 0.35
0.651990913828085 120 0.35
0.686033117939029 121 0.35
0.716376080188597 122 0.35
0.69977730456656 123 0.35
0.678444467564417 124 0.35
0.779513047024688 125 0.35
0.712201965687779 126 0.35
0.745741210415123 127 0.35
0.718596889386244 128 0.35
0.665426237168365 129 0.35
0.61329677253067 130 0.35
0.584130666840064 131 0.35
0.579087501624867 132 0.35
0.626189863430479 133 0.35
0.620740565235954 134 0.35
0.623790524526774 135 0.35
0.636273404491771 136 0.35
0.58259518739762 137 0.35
0.554067527819612 138 0.35
0.609737604476539 139 0.35
0.587443366167457 140 0.35
0.579877688540381 141 0.35
0.525938425288163 142 0.35
0.587930059872494 143 0.35
0.655786109548807 144 0.35
