0.690465922855134 1 0.35
0.747028169808905 2 0.35
0.691957868184804 3 0.35
0.705797347084187 4 0.35
0.759199684017191 5 0.35
0.696081955702858 6 0.35
0.671391017668409 7 0.35
0.69907468757145 8 0.35
0.627455769468095 9 0.35
0.63930126495764 10 0.35
0.595706974541375 11 0.35
0.708023254953179 12 0.35
0.711490191192024 13 0.35
0.634185273300229 14 0.35
0.681978409082211 15 0.35
0.62867144677927 16 0.35
0.614843271047059 17 0.35
0.61025408520782 18 0.35
0.603080311755572 19 0.35
0.559759320393015 20 0.35
0.477979629757583 21 0.35
0.621470398579896 22 0.35
0.646424026982039 23 0.35
0.759686419013551 24 0.35
0.724481083493311 25 0.35
0.639365951690553 26 0.35
0.626507916079198 27 0.35
0.598115976345859 28 0.35
0.567634024284543 29 0.35
0.670046442614198 30 0.35
0.598220278898118 31 0.35
0.563268525716588 32 0.35
0.586753809368972 33 0.35
0.582333745323905 34 0.35
0.543660909984295 35 0.35
0.542473258543064 36 0.35
0.550530938578914 37 0.35
0.614606405144393 38 0.35
0.608174611174064 39 0.35
0.639578705293571 40 0.35
0.552378064458401 41 0.35
0.470591374749714 42 0.35
0.396378634313714 43 0.35
0.304984212069539 44 0.35
0.317440977187537 45 0.35
0.358828151349625 46 0.35
0.383160399287634 47 0.35
0.425158732988153 48 0.35
0.581866235729904 49 0.35
0.553157380788368 50 0.35
0.57146173487799 51 0.35
0.582661428125223 52 0.35
0.575196640267564 53 0.35
0.526858368929013 54 0.35
0.451398077626744 55 0.35
0.472117954296925 56 0.35
0.511904731845422 57 0.35
0.462068538693331 58 0.35
0.370788500866253 59 0.35
0.3422453956697 60 0.35
0.403906926862701 61 0.35
0.490451768177037 62 0.35
0.529595696293566 63 0.35
0.56594265483201 64 0.35
0.556215022322382 65 0.35
0.606646741257595 66 0.35
0.579320235620821 67 0.35
0.560507467275673 68 0.35
0.583009257827203 69 0.35
0.542451216789894 70 0.35
0.544365853751649 71 0.35
0.565278473574104 72 0.35
0.598090582740043 73 0.35
0.601716193157461 74 0.35
0.635668134331978 75 0.35
0.661128124154979 76 0.35
0.580459267793486 77 0.35
0.607125918942108 78 0.35
0.549909132592212 79 0.35
0.496123437459068 80 0.35
0.463569073807743 81 0.35
0.469415485406481 82 0.35
0.4905752249144 83 0.35
0.51638208424535 84 0.35
0.612815482336509 85 0.35
0.611074929933854 86 0.35
0.660448711771061 87 0.35
0.656463879302398 88 0.35
0.580413223000961 89 0.35
0.473617754092808 90 0.35
0.385377186583627 91 0.35
0.368041179000901 92 0.35
0.406960050226966 93 0.35
0.464545607840814 94 0.35
0.498080365223128 95 0.35
0.587588054161698 96 0.35
0.608471859995233 97 0.35
0.655694495794446 98 0.35
0.686987735924325 99 0.35
0.646595922588949 100 0.35
0.667576538737289 101 0.35
0.685580988832624 102 0.35
0.647938204421931 103 0.35
0.565831999684493 104 0.35
0.616144621322213 105 0.35
0.512765930319561 106 0.35
0.609628523085382 107 0.35
0.64625962132023 108 0.35
0.589802831814666 109 0.35
0.632267220053598 110 0.35
0.632769681216146 111 0.35
0.649756324987342 112 0.35
0.618765244806335 113 0.35
0.664496054786649 114 0.35
0.609171386415885 115 0.35
0.555155546608241 116 0.35
0.50828437097049 117 0.35
0.532944385710696 118 0.35
0.657214925449087 119 0.35
0.653365960410796 120 0.35
0.684209120042357 121 0.35
0.674771385398038 122 0.35
0.663008445673057 123 0.35
0.684432590665222 124 0.35
0.714487170059933 125 0.35
0.576433081685404 126 0.35
0.435711242353791 127 0.35
0.332043594252934 128 0.35
0.263964853076702 129 0.35
0.282757015117955 130 0.35
0.335816752055765 131 0.35
0.363879492856921 132 0.35
0.416953519927882 133 0.35
0.501316064306768 134 0.35
0.512506750310877 135 0.35
0.623040378919447 136 0.35
0.715739979823565 137 0.35
0.657887143808629 138 0.35
0.631998442204908 139 0.35
0.47733846480696 140 0.35
0.508218770660424 141 0.35
0.524950912260894 142 0.35
0.585153062252568 143 0.35
0.634922396364101 144 0.35
