0.691001347003307 1 0.35
0.687200373752485 2 0.35
0.78381834177477 3 0.35
0.762373097749015 4 0.35
0.733690303195539 5 0.35
0.723689786728672 6 0.35
0.617163775161239 7 0.35
0.546839538853622 8 0.35
0.518165027314566 9 0.35
0.608042800206345 10 0.35
0.547126200995429 11 0.35
0.553740843436871 12 0.35
0.553268483234482 13 0.35
0.391020043399646 14 0.35
0.415826212303425 15 0.35
0.465383324738284 16 0.35
0.386073016718528 17 0.35
0.300212811443827 18 0.35
0.246418359142115 19 0.35
0.22729891204292 20 0.35
0.200337440309232 21 0.35
0.219121790442075 22 0.35
0.221932082281172 23 0.35
0.356907610503101 24 0.35
0.434911362749731 25 0.35
0.485350423860111 26 0.35
0.551003888198126 27 0.35
0.538072505477937 28 0.35
0.543019685680929 29 0.35
0.518298044390715 30 0.35
0.488807900204801 31 0.35
0.400848531280617 32 0.35
0.341575349057793 33 0.35
0.338919824285604 34 0.35
0.381868042934043 35 0.35
0.441501878288105 36 0.35
0.50341295689388 37 0.35
0.600031680221697 38 0.35
0.589465382956314 39 0.35
0.573196172001048 40 0.35
0.506174399273162 41 0.35
0.458133417239127 42 0.35
0.543117859060205 43 0.35
0.467882746831756 44 0.35
0.42983909625229 45 0.35
0.457255527665171 46 0.35
0.441380700954355 47 0.35
0.397882889636 48 0.35
0.454915127171488 49 0.35
0.555023641825271 50 0.35
0.519741348822658 51 0.35
0.469175994933964 52 0.35
0.46969303173799 53 0.35
0.462456108460989 54 0.35
0.365149576963738 55 0.35
0.360063454264157 56 0.35
0.336796577810085 57 0.35
0.342536751902989 58 0.35
0.398207454973769 59 0.35
0.478634896123227 60 0.35
0.503455049198109 61 0.35
0.623106739792932 62 0.35
0.690484989147592 63 0.35
0.656365374720456 64 0.35
0.659072593004681 65 0.35
0.61850647983695 66 0.35
0.518425272106012 67 0.35
0.434175782642916 68 0.35
0.534972341997323 69 0.35
0.536491827519212 70 0.35
0.552082179656942 71 0.35
0.648831684354915 72 0.35
0.685953691652709 73 0.35
0.757718508850024 74 0.35
0.710107021708438 75 0.35
0.713113235311392 76 0.35
0.695501645641683 77 0.35
0.642837080732142 78 0.35
0.657865071372624 79 0.35
0.628353639774508 80 0.35
0.630397301202438 81 0.35
0.638660349293597 82 0.35
0.699346989792418 83 0.35
0.658688752849107 84 0.35
0.687756694115301 85 0.35
0.69722109333926 86 0.35
0.795395347571124 87 0.35
0.765211250279945 88 0.35
0.747104583148179 89 0.35
0.629985727143398 90 0.35
0.517111911189134 91 0.35
0.513028567036056 92 0.35
0.389320755740939 93 0.35
0.403444396331376 94 0.35
0.390829660488869 95 0.35
0.516094842142222 96 0.35
0.650443874572593 97 0.35
0.822099663797948 98 0.35
0.733546162446427 99 0.35
0.74551632708624 100 0.35
0.715651033378021 101 0.35
0.694889785640266 102 0.35
0.69286898173913 103 0.35
0.724916500774925 104 0.35
0.716820617889164 105 0.35
0.724687348848964 106 0.35
0.60078451790845 107 0.35
0.685067257723671 108 0.35
0.749642322109937 109 0.35
0.742178823388424 110 0.35
0.792124165045967 111 0.35
0.725730534925445 112 0.35
0.750451025028247 113 0.35
0.711352490528203 114 0.35
0.652026111557095 115 0.35
0.633860609963147 116 0.35
0.603871011967285 117 0.35
0.658912078640434 118 0.35
0.66458078368199 119 0.35
0.69506729476327 120 0.35
0.725966191374884 121 0.35
0.822090863167053 122 0.35
0.785926579307285 123 0.35
0.749221205843965 124 0.35
0.602768650860045 125 0.35
0.576696574109736 126 0.35
0.662094009556934 127 0.35
0.58813154437911 128 0.35
0.455409025957889 129 0.35
0.432658986079937 130 0.35
0.532925320122891 131 0.35
0.716724087704106 132 0.35
0.755374818332851 133 0.35
0.780826706742296 134 0.35
0.78246412422566 135 0.35
0.774330640007585 136 0.35
0.729860434862028 137 0.35
0.645470911883227 138 0.35
0.642326154092769 139 0.35
0.574455963272903 140 0.35
0.566782977068797 141 0.35
0.633302915376476 142 0.35
0.679519538295424 143 0.35
0.691590097123655 144 0.35
