0.598056808232793 1 0.35
0.540783150481584 2 0.35
0.610886420569177 3 0.35
0.681180843531542 4 0.35
0.633108300797944 5 0.35
0.581706109764685 6 0.35
0.504514184655784 7 0.35
0.519707471278964 8 0.35
0.470731684851443 9 0.35
0.421379063333991 10 0.35
0.48114672675423 11 0.35
0.486766769724045 12 0.35
0.587886453230912 13 0.35
0.614610029630808 14 0.35
0.635101891404019 15 0.35
0.616821591993401 16 0.35
0.583954717192524 17 0.35
0.671969518896348 18 0.35
0.622302787019927 19 0.35
0.724968923555819 20 0.35
0.515778991135208 21 0.35
0.504087506478043 22 0.35
0.473414700205426 23 0.35
0.615247900824619 24 0.35
0.6744890308476 25 0.35
0.646200435406532 26 0.35
0.590457698677914 27 0.35
0.572479178939913 28 0.35
0.570009429626933 29 0.35
0.533946916778951 30 0.35
0.473884526209028 31 0.35
0.482509957507711 32 0.35
0.456292247924606 33 0.35
0.511232637875484 34 0.35
0.538941727827501 35 0.35
0.57077336858343 36 0.35
0.560806368631181 37 0.35
0.49128620530421 38 0.35
0.477975571991607 39 0.35
0.473900153934086 40 0.35
0.452916917094815 41 0.35
0.38577214384694 42 0.35
0.386430538675835 43 0.35
0.324032511472256 44 0.35
0.263350195844708 45 0.35
0.334924010634928 46 0.35
0.388476670725849 47 0.35
0.481100608563019 48 0.35
0.605862228397355 49 0.35
0.629519297646897 50 0.35
0.62714738172939 51 0.35
0.628690758344018 52 0.35
0.620297364517113 53 0.35
0.494537626183306 54 0.35
0.46216100252623 55 0.35
0.393769162133411 56 0.35
0.341850909449908 57 0.35
0.414636312957991 58 0.35
0.480663089044026 59 0.35
0.546910013373608 60 0.35
0.56150865303113 61 0.35
0.733444732096814 62 0.35
0.779775335200707 63 0.35
0.7794094991357 64 0.35
0.664762352658901 65 0.35
0.586074981050298 66 0.35
0.555901869132674 67 0.35
0.528412809891069 68 0.35
0.471876595474049 69 0.35
0.466002074287228 70 0.35
0.460995163052721 71 0.35
0.509948360818803 72 0.35
0.556105420244706 73 0.35
0.672672262274839 74 0.35
0.69870165173786 75 0.35
0.747388798477483 76 0.35
0.662996995816102 77 0.35
0.664840546819976 78 0.35
0.707271455830609 79 0.35
0.69264532437361 80 0.35
0.645288680979833 81 0.35
0.675765344630693 82 0.35
0.668783831640685 83 0.35
0.626176294959073 84 0.35
0.806722008677131 85 0.35
0.710471965887652 86 0.35
0.720559195788562 87 0.35
0.716239391228107 88 0.35
0.743308817780105 89 0.35
0.763011676141189 90 0.35
0.743282557010641 91 0.35
0.652440342859673 92 0.35
0.62167166108336 93 0.35
0.598841169056538 94 0.35
0.615605625869541 95 0.35
0.641683357169821 96 0.35
0.72934054183417 97 0.35
0.585377485832313 98 0.35
0.571572591764163 99 0.35
0.60778473290489 100 0.35
0.676740436297391 101 0.35
0.548889115794863 102 0.35
0.541552805163251 103 0.35
0.522720115362326 104 0.35
0.459018089466823 105 0.35
0.476551203750909 106 0.35
0.580121428234529 107 0.35
0.745473162016044 108 0.35
0.770719155264814 109 0.35
0.759110608382417 110 0.35
0.668523326296866 111 0.35
0.671722830500572 112 0.35
0.720998958794283 113 0.35
0.718872002988845 114 0.35
0.701144755546051 115 0.35
0.62891336603843 116 0.35
0.675898567639016 117 0.35
0.65549912142023 118 0.35
0.556632887143235 119 0.35
0.608491539094759 120 0.35
0.699940217019814 121 0.35
0.725540487758919 122 0.35
0.694838374291376 123 0.35
0.681793958205411 124 0.35
0.657820437033122 125 0.35
0.613941903335983 126 0.35
0.651279163523279 127 0.35
0.532393691919577 128 0.35
0.407951053302725 129 0.35
0.450290373834368 130 0.35
0.368244844305969 131 0.35
0.449919252598686 132 0.35
0.479213106947281 133 0.35
0.504737074756148 134 0.35
0.546367888812325 135 0.35
0.617216271965071 136 0.35
0.533017609322381 137 0.35
0.540557445425606 138 0.35
0.482264669810942 139 0.35
0.366342203237859 140 0.35
0.39126571219791 141 0.35
0.430561285035326 142 0.35
0.431468465240704 143 0.35
0.576516528434374 144 0.35
