0.723410769105643 1 0.35
0.726580019278244 2 0.35
0.759720688239945 3 0.35
0.822304938538821 4 0.35
0.772708365720157 5 0.35
0.673345119280421 6 0.35
0.662697586429469 7 0.35
0.717234393345279 8 0.35
0.624799815850626 9 0.35
0.556886464240802 10 0.35
0.612484741429121 11 0.35
0.649271967847763 12 0.35
0.633040907585005 13 0.35
0.607881842142805 14 0.35
0.568695842459194 15 0.35
0.583800958538823 16 0.35
0.482146967045114 17 0.35
0.448801545238154 18 0.35
0.417236425384478 19 0.35
0.384607345801068 20 0.35
0.420950693351011 21 0.35
0.463027491032271 22 0.35
0.544146310097403 23 0.35
0.557769426424801 24 0.35
0.593091668866434 25 0.35
0.599370332688861 26 0.35
0.597166932149844 27 0.35
0.63762857489913 28 0.35
0.670565116459865 29 0.35
0.566601756477148 30 0.35
0.484095387141726 31 0.35
0.520786349471228 32 0.35
0.457590636951205 33 0.35
0.475071981843583 34 0.35
0.50471672088563 35 0.35
0.532420716856069 36 0.35
0.4802521718204 37 0.35
0.607131989562283 38 0.35
0.572768553985481 39 0.35
0.7227293216462 40 0.35
0.640115630497905 41 0.35
0.633282016473671 42 0.35
0.571578773030203 43 0.35
0.449038313264163 44 0.35
0.578204460469391 45 0.35
0.629035770187456 46 0.35
0.677280536361589 47 0.35
0.707813251027651 48 0.35
0.792587912263651 49 0.35
0.772474891879735 50 0.35
0.827525288528136 51 0.35
0.765181497989647 52 0.35
0.77306055831568 53 0.35
0.784319587300682 54 0.35
0.583839257323935 55 0.35
0.614143968001748 56 0.35
0.550000919526825 57 0.35
0.436912905909017 58 0.35
0.475736031065053 59 0.35
0.503907049517066 60 0.35
0.583434856759688 61 0.35
0.63077422329252 62 0.35
0.747389334589207 63 0.35
0.73287630835895 64 0.35
0.719847656065252 65 0.35
0.678145434798883 66 0.35
0.73420244166636 67 0.35
0.724908534313167 68 0.35
0.675520916830666 69 0.35
0.619786434858704 70 0.35
0.619246182893704 71 0.35
0.638645996562536 72 0.35
0.751108503146102 73 0.35
0.714972755671572 74 0.35
0.686420963060765 75 0.35
0.710462389982465 76 0.35
0.72778759779225 77 0.35
0.745174437285617 78 0.35
0.593307938259699 79 0.35
0.658687250148655 80 0.35
0.605301668322947 81 0.35
0.591556797823031 82 0.35
0.579788785700332 83 0.35
0.697089760855999 84 0.35
0.773700718538094 85 0.35
0.822043659846314 86 0.35
0.680708179729079 87 0.35
0.622252146646236 88 0.35
0.588962141933508 89 0.35
0.595980305901049 90 0.35
0.578833433418781 91 0.35
0.572353300842588 92 0.35
0.520587557339842 93 0.35
0.531269510122521 94 0.35
0.577579505051601 95 0.35
0.602375597705531 96 0.35
0.623974642106674 97 0.35
0.580488148621354 98 0.35
0.610493655959239 99 0.35
0.61694303701566 100 0.35
0.661301160213581 101 0.35
0.696584537704729 102 0.35
0.690564668352234 103 0.35
0.600054864507129 104 0.35
0.583175502019257 105 0.35
0.590864069680521 106 0.35
0.636118542581774 107 0.35
0.592742820723946 108 0.35
0.692084845414764 109 0.35
0.694050702615159 110 0.35
0.761182968803858 111 0.35
0.742874460385307 112 0.35
0.704399333503276 113 0.35
0.646747235355386 114 0.35
0.604054325154179 115 0.35
0.527717861394272 116 0.35
0.609391165172988 117 0.35
0.564044976039539 118 0.35
0.61778634361698 119 0.35
0.625005219320647 120 0.35
0.60267128902582 121 0.35
0.615856587561379 122 0.35
0.648944126927512 123 0.35
0.719864249465904 124 0.35
0.70608294423569 125 0.35
0.732056183764035 126 0.35
0.719206580921534 127 0.35
0.704525122241925 128 0.35
0.648380913749666 129 0.35
0.671642314971842 130 0.35
0.688215288122358 131 0.35
0.544828877988844 132 0.35
0.557025223440472 133 0.35
0.565388464305987 134 0.35
0.627753146076585 135 0.35
0.636187189285775 136 0.35
0.690144275268179 137 0.35
0.619755598817678 138 0.35
0.615127885801813 139 0.35
0.725019028553697 140 0.35
0.569874741058475 141 0.35
0.661691075979554 142 0.35
0.604459655265698 143 0.35
0.654994671345281 144 0.35
