0.542516876018785 1 0.35
0.575164950088351 2 0.35
0.631752346929177 3 0.35
0.679060860233458 4 0.35
0.651204828740552 5 0.35
0.601836609846106 6 0.35
0.576115958197281 7 0.35
0.594455689206314 8 0.35
0.616443421548973 9 0.35
0.631441133660266 10 0.35
0.581825061584219 11 0.35
0.580054283002927 12 0.35
0.66265571821597 13 0.35
0.696868610666321 14 0.35
0.704745246609846 15 0.35
0.740333750378402 16 0.35
0.775023123476936 17 0.35
0.738439168478673 18 0.35
0.665380596639566 19 0.35
0.539547724091437 20 0.35
0.552906370951846 21 0.35
0.584581579492505 22 0.35
0.50610423540484 23 0.35
0.681870851003311 24 0.35
0.744714052054413 25 0.35
0.715841478136937 26 0.35
0.751825522547119 27 0.35
0.798061182064294 28 0.35
0.737248697192686 29 0.35
0.715887994504943 30 0.35
0.599413277615764 31 0.35
0.503416671894696 32 0.35
0.461010079556889 33 0.35
0.516609528056585 34 0.35
0.470190724629753 35 0.35
0.509395466162466 36 0.35
0.622211867774503 37 0.35
0.659338662583798 38 0.35
0.677560002364828 39 0.35
0.675660150450768 40 0.35
0.65074682521636 41 0.35
0.626833118071302 42 0.35
0.592891779123963 43 0.35
0.579673285711813 44 0.35
0.595469139384939 45 0.35
0.632748520865053 46 0.35
0.619876348490199 47 0.35
0.636223907339619 48 0.35
0.67185587317786 49 0.35
0.752008063069847 50 0.35
0.735495022154161 51 0.35
0.805661022384537 52 0.35
0.717052381791493 53 0.35
0.661470261796301 54 0.35
0.554232465697664 55 0.35
0.543037653043309 56 0.35
0.617881872265128 57 0.35
0.535281973984607 58 0.35
0.591953390792552 59 0.35
0.521111300428037 60 0.35
0.662250343305146 61 0.35
0.656932588193201 62 0.35
0.65351814843718 63 0.35
0.656543115732067 64 0.35
0.659061552684303 65 0.35
0.589022421885643 66 0.35
0.601374146737511 67 0.35
0.5944112598884 68 0.35
0.68995223926616 69 0.35
0.624267962454431 70 0.35
0.653454498197676 71 0.35
0.725990524283959 72 0.35
0.711606795902787 73 0.35
0.690535597951636 74 0.35
0.706658880597392 75 0.35
0.776060163598765 76 0.35
0.666646978403993 77 0.35
0.597061302946726 78 0.35
0.518336748297184 79 0.35
0.475992729183315 80 0.35
0.588715285411174 81 0.35
0.651542641136439 82 0.35
0.683134083930915 83 0.35
0.568790679398151 84 0.35
0.656815894791707 85 0.35
0.62885829455508 86 0.35
0.653501673676514 87 0.35
0.759657002655248 88 0.35
0.739267743037141 89 0.35
0.664709363950343 90 0.35
0.720286930345678 91 0.35
0.70492303528423 92 0.35
0.703526389975252 93 0.35
0.724731285028474 94 0.35
0.745260595171781 95 0.35
0.723538423872989 96 0.35
0.806613349938613 97 0.35
0.795616581382454 98 0.35
0.693641181237876 99 0.35
0.662678230586957 100 0.35
0.603830125447917 101 0.35
0.573695676119036 102 0.35
0.593417286433414 103 0.35
0.500231049859041 104 0.35
0.541540206101988 105 0.35
0.533854224040835 106 0.35
0.661542336147019 107 0.35
0.731425195062924 108 0.35
0.783651490259165 109 0.35
0.822084012394741 110 0.35
0.827601323951139 111 0.35
0.743194106106591 112 0.35
0.790714143087022 113 0.35
0.709245334410158 114 0.35
0.723481858753974 115 0.35
0.724971805538311 116 0.35
0.558792780642662 117 0.35
0.534924970917986 118 0.35
0.578053974636519 119 0.35
0.731501445068367 120 0.35
0.723868298900471 121 0.35
0.746245440374418 122 0.35
0.731320896928541 123 0.35
0.695515087702195 124 0.35
0.671901928564194 125 0.35
0.667621283062766 126 0.35
0.522026461594157 127 0.35
0.528674428463236 128 0.35
0.547122530564508 129 0.35
0.574392585367415 130 0.35
0.594719809277077 131 0.35
0.623883658387452 132 0.35
0.720671936262419 133 0.35
0.622029871029934 134 0.35
0.601703894336311 135 0.35
0.507345431425339 136 0.35
0.472677507221451 137 0.35
0.400425181668819 138 0.35
0.346109915713965 139 0.35
0.341059738854457 140 0.35
0.342499466163562 141 0.35
0.412304980861567 142 0.35
0.493582641974007 143 0.35
0.442739852559549 144 0.35
