0.657742887200619 1 0.35
0.654802064902738 2 0.35
0.655655025563289 3 0.35
0.578692965481665 4 0.35
0.563654437861411 5 0.35
0.552959250512835 6 0.35
0.45575495585315 7 0.35
0.393222299797101 8 0.35
0.444770343784146 9 0.35
0.509745545040243 10 0.35
0.534284480625807 11 0.35
0.556544725233922 12 0.35
0.637167160896937 13 0.35
0.635851411800976 14 0.35
0.574902477721728 15 0.35
0.591614691793938 16 0.35
0.516321345564531 17 0.35
0.424380362549772 18 0.35
0.352626546597669 19 0.35
0.337461278190615 20 0.35
0.28925364841223 21 0.35
0.254400006166609 22 0.35
0.305152769419657 23 0.35
0.396956596914383 24 0.35
0.524767602249286 25 0.35
0.641106274953629 26 0.35
0.632509763735157 27 0.35
0.652891089417684 28 0.35
0.663010415084924 29 0.35
0.723254274695957 30 0.35
0.688052481968542 31 0.35
0.595303733019857 32 0.35
0.509647759135583 33 0.35
0.564398279407599 34 0.35
0.66568173229435 35 0.35
0.766111384393299 36 0.35
0.692587762792678 37 0.35
0.771384547666545 38 0.35
0.823764915015351 39 0.35
0.804926950316856 40 0.35
0.729892739297702 41 0.35
0.666827255499857 42 0.35
0.532052730070911 43 0.35
0.503179941233472 44 0.35
0.449901946033977 45 0.35
0.447829226073081 46 0.35
0.48222705907463 47 0.35
0.443357349206086 48 0.35
0.453038903731479 49 0.35
0.460046140411813 50 0.35
0.388380765834489 51 0.35
0.363419162548374 52 0.35
0.283610637338122 53 0.35
0.254002389593587 54 0.35
0.208165877342009 55 0.35
0.210277219607858 56 0.35
0.210216661970593 57 0.35
0.203567334065492 58 0.35
0.180507286432666 59 0.35
0.254111849017805 60 0.35
0.377971242538126 61 0.35
0.433814063704505 62 0.35
0.442887429319783 63 0.35
0.447322485282831 64 0.35
0.383459108683839 65 0.35
0.372763978356358 66 0.35
0.302890281081805 67 0.35
0.2523786962987 68 0.35
0.29696301071121 69 0.35
0.380234032453577 70 0.35
0.421766431611466 71 0.35
0.609057211529916 72 0.35
0.612582928245841 73 0.35
0.614214928524596 74 0.35
0.621672145950468 75 0.35
0.503281689132564 76 0.35
0.515888709480092 77 0.35
0.40964651533506 78 0.35
0.339693061940466 79 0.35
0.27614667854613 80 0.35
0.297602527073963 81 0.35
0.338910873091937 82 0.35
0.37557424531562 83 0.35
0.441051775936894 84 0.35
0.518391039320958 85 0.35
0.619238152556343 86 0.35
0.66695830013748 87 0.35
0.686479496449242 88 0.35
0.700629316407221 89 0.35
0.630428400333893 90 0.35
0.513346012197234 91 0.35
0.46355934864909 92 0.35
0.492041397596176 93 0.35
0.481691306964597 94 0.35
0.556445186797979 95 0.35
0.608511788560792 96 0.35
0.683940682885627 97 0.35
0.637960951794212 98 0.35
0.539022381990328 99 0.35
0.515070800290018 100 0.35
0.481070908100038 101 0.35
0.426418926785789 102 0.35
0.31634464197854 103 0.35
0.305012773717744 104 0.35
0.289050192739676 105 0.35
0.307903336051781 106 0.35
0.340894133057255 107 0.35
0.385307181869769 108 0.35
0.411375532054701 109 0.35
0.436654922379821 110 0.35
0.424813297958847 111 0.35
0.438099108386839 112 0.35
0.415273983891632 113 0.35
0.433356754885814 114 0.35
0.434268830256882 115 0.35
0.456475817505701 116 0.35
0.510303293900778 117 0.35
0.537213437173333 118 0.35
0.594032848605903 119 0.35
0.588297614333016 120 0.35
0.586062846960935 121 0.35
0.555908285091245 122 0.35
0.566662427438066 123 0.35
0.54403796225344 124 0.35
0.478005984602907 125 0.35
0.475284937313768 126 0.35
0.370786620194363 127 0.35
0.362819755367162 128 0.35
0.360946773290931 129 0.35
0.450690932102645 130 0.35
0.624076109988146 131 0.35
0.647768714373561 132 0.35
0.625777116512594 133 0.35
0.581612167644065 134 0.35
0.752293976555531 135 0.35
0.743738706352183 136 0.35
0.774943686964104 137 0.35
0.709229805787365 138 0.35
0.620137406887324 139 0.35
0.683040300976477 140 0.35
0.646573802760847 141 0.35
0.636612853364961 142 0.35
0.665743684449467 143 0.35
0.751523118638964 144 0.35
