0.523830002187155 1 0.35
0.572922524742508 2 0.35
0.589495807979541 3 0.35
0.593554522311893 4 0.35
0.53721028952731 5 0.35
0.594740104499885 6 0.35
0.599584547997265 7 0.35
0.58067749480119 8 0.35
0.640947281735707 9 0.35
0.660499471331783 10 0.35
0.651836176271931 11 0.35
0.703912593123923 12 0.35
0.798680091901805 13 0.35
0.778434392579702 14 0.35
0.787609840873996 15 0.35
0.776133089893833 16 0.35
0.668999888991907 17 0.35
0.589491729694267 18 0.35
0.609222246210676 19 0.35
0.551113692956566 20 0.35
0.65888905465409 21 0.35
0.546327996307279 22 0.35
0.573080769935655 23 0.35
0.652078641244516 24 0.35
0.641282163754787 25 0.35
0.699407963486273 26 0.35
0.767953872274549 27 0.35
0.734318021569525 28 0.35
0.698290954104655 29 0.35
0.655238923741849 30 0.35
0.690708068466526 31 0.35
0.611974572395814 32 0.35
0.570760875350895 33 0.35
0.643877954996352 34 0.35
0.610692991419757 35 0.35
0.670005596006134 36 0.35
0.762781577167783 37 0.35
0.721182342699827 38 0.35
0.699980710015329 39 0.35
0.707496046556928 40 0.35
0.630316297170671 41 0.35
0.555328248332264 42 0.35
0.478043423653451 43 0.35
0.52791693653173 44 0.35
0.600684816035075 45 0.35
0.562994097845343 46 0.35
0.596578574715283 47 0.35
0.548811063449075 48 0.35
0.625447130968895 49 0.35
0.660798543019194 50 0.35
0.698215367343395 51 0.35
0.740208751744039 52 0.35
0.705666246640611 53 0.35
0.519667745257586 54 0.35
0.521050831220381 55 0.35
0.560983556397712 56 0.35
0.526297124073389 57 0.35
0.553225925901547 58 0.35
0.577409205021142 59 0.35
0.649818440987674 60 0.35
0.68456566932624 61 0.35
0.775757847187969 62 0.35
0.790180996294045 63 0.35
0.779299843628829 64 0.35
0.714492774516905 65 0.35
0.605043521344746 66 0.35
0.56619750348352 67 0.35
0.447124579986925 68 0.35
0.442621660898606 69 0.35
0.406153710901326 70 0.35
0.616426428604071 71 0.35
0.595501304449051 72 0.35
0.741892965583756 73 0.35
0.708516609413736 74 0.35
0.72261417248377 75 0.35
0.706654823442513 76 0.35
0.741304817709354 77 0.35
0.686895618959554 78 0.35
0.666227230838063 79 0.35
0.693799775746216 80 0.35
0.657942045368264 81 0.35
0.692297364116913 82 0.35
0.705243912316678 83 0.35
0.771505421585899 84 0.35
0.806677611998612 85 0.35
0.734721822505727 86 0.35
0.744356804187422 87 0.35
0.757319412411978 88 0.35
0.704345979413924 89 0.35
0.69572328090172 90 0.35
0.622221884374497 91 0.35
0.504900624579385 92 0.35
0.454862430981778 93 0.35
0.531569474695197 94 0.35
0.58191532197059 95 0.35
0.560716130953828 96 0.35
0.604628037069475 97 0.35
0.620405648345426 98 0.35
0.659256631681978 99 0.35
0.700992230428795 100 0.35
0.626754558346835 101 0.35
0.583370128906731 102 0.35
0.60027688568399 103 0.35
0.544747635937933 104 0.35
0.549239920044123 105 0.35
0.427597972946233 106 0.35
0.433238623643874 107 0.35
0.476635172185319 108 0.35
0.4467008085844 109 0.35
0.472202157916552 110 0.35
0.515488406322684 111 0.35
0.4906097672706 112 0.35
0.438597102387209 113 0.35
0.530600391469838 114 0.35
0.516720317993405 115 0.35
0.504083630601861 116 0.35
0.430826346257164 117 0.35
0.429130063735313 118 0.35
0.484350290425767 119 0.35
0.502073801467143 120 0.35
0.541791383284169 121 0.35
0.590397701826676 122 0.35
0.646831225839946 123 0.35
0.637400829791441 124 0.35
0.622301619787459 125 0.35
0.49885686439411 126 0.35
0.445758317378975 127 0.35
0.369985436391281 128 0.35
0.286171412216666 129 0.35
0.310948725073211 130 0.35
0.385481367151039 131 0.35
0.561205889256813 132 0.35
0.560342095060936 133 0.35
0.595888564745257 134 0.35
0.631006042879932 135 0.35
0.609153039124754 136 0.35
0.585861278002978 137 0.35
0.441170277218408 138 0.35
0.491866980269886 139 0.35
0.364273841642394 140 0.35
0.323480696003162 141 0.35
0.387117804890944 142 0.35
0.422165681425279 143 0.35
0.459790309612005 144 0.35
