0.602775275779454 1 0.35
0.680310904192616 2 0.35
0.697152133287203 3 0.35
0.692962488916577 4 0.35
0.691675368927608 5 0.35
0.625335093929152 6 0.35
0.549609242823686 7 0.35
0.436500509778852 8 0.35
0.409897168337852 9 0.35
0.526901062833354 10 0.35
0.549700203012027 11 0.35
0.560796222965695 12 0.35
0.611899115495166 13 0.35
0.619655841420099 14 0.35
0.702599134982137 15 0.35
0.689670935574821 16 0.35
0.647205290055636 17 0.35
0.699237785002133 18 0.35
0.693966868544407 19 0.35
0.674645430209539 20 0.35
0.68071006118924 21 0.35
0.504114844655974 22 0.35
0.593844543262205 23 0.35
0.637968365743807 24 0.35
0.722569661374586 25 0.35
0.664614531857548 26 0.35
0.70250775978089 27 0.35
0.720553288984961 28 0.35
0.682437116326327 29 0.35
0.676605041545657 30 0.35
0.607593380238243 31 0.35
0.57584958538279 32 0.35
0.488035387671823 33 0.35
0.506474950329111 34 0.35
0.609814323646478 35 0.35
0.62806025555551 36 0.35
0.777490962525186 37 0.35
0.814335709284777 38 0.35
0.827484621506017 39 0.35
0.795788791438763 40 0.35
0.764060571739334 41 0.35
0.679778290719869 42 0.35
0.673333813972722 43 0.35
0.472240611635309 44 0.35
0.412171491630393 45 0.35
0.492633300237911 46 0.35
0.453515719507242 47 0.35
0.443940062338 48 0.35
0.48717907199461 49 0.35
0.49142043265924 50 0.35
0.508293848538312 51 0.35
0.650923971395096 52 0.35
0.675550881736955 53 0.35
0.57135713358762 54 0.35
0.513182934509308 55 0.35
0.455216948226536 56 0.35
0.5737286714652 57 0.35
0.510798792516011 58 0.35
0.632137718871725 59 0.35
0.727212599781729 60 0.35
0.731507257651316 61 0.35
0.698259287016032 62 0.35
0.743729126744659 63 0.35
0.75590378551672 64 0.35
0.76524808382897 65 0.35
0.742198893551652 66 0.35
0.547328050536251 67 0.35
0.485849223917925 68 0.35
0.438099864337256 69 0.35
0.464481542841547 70 0.35
0.454568819186446 71 0.35
0.494728218399391 72 0.35
0.577631364486779 73 0.35
0.608611034548662 74 0.35
0.665920167416742 75 0.35
0.663876771737577 76 0.35
0.620654106166443 77 0.35
0.594161691082328 78 0.35
0.620426726411123 79 0.35
0.542833101341322 80 0.35
0.625968009112964 81 0.35
0.539099875213544 82 0.35
0.623149316376765 83 0.35
0.564885531412967 84 0.35
0.563117938686964 85 0.35
0.589945219068588 86 0.35
0.601663564600275 87 0.35
0.563144635935811 88 0.35
0.53663385928349 89 0.35
0.537560866453144 90 0.35
0.445331862654492 91 0.35
0.552408955898866 92 0.35
0.546648487872794 93 0.35
0.633818055442608 94 0.35
0.672530254447605 95 0.35
0.771509582995382 96 0.35
0.79984833393394 97 0.35
0.799395624391627 98 0.35
0.762544302410456 99 0.35
0.815118497262633 100 0.35
0.807072829186776 101 0.35
0.677435292846756 102 0.35
0.664388049105237 103 0.35
0.591659584491387 104 0.35
0.552666723123488 105 0.35
0.563878300001028 106 0.35
0.666607497377656 107 0.35
0.718565825637778 108 0.35
0.729369986633881 109 0.35
0.71219703014248 110 0.35
0.646203578194497 111 0.35
0.610065150682982 112 0.35
0.512047057332918 113 0.35
0.494180945795261 114 0.35
0.42674595318859 115 0.35
0.410081596048925 116 0.35
0.420662359881932 117 0.35
0.428967011379501 118 0.35
0.460516793565999 119 0.35
0.565351045801896 120 0.35
0.6592268380032 121 0.35
0.614175469970277 122 0.35
0.588724422848604 123 0.35
0.5857193227651 124 0.35
0.609861820483262 125 0.35
0.650164133716203 126 0.35
0.486107737056582 127 0.35
0.432649525250699 128 0.35
0.374701176482637 129 0.35
0.421565808440127 130 0.35
0.552523355682685 131 0.35
0.560179574587167 132 0.35
0.626818481079509 133 0.35
0.624447051695832 134 0.35
0.655956903436166 135 0.35
0.593796866671353 136 0.35
0.612295584809856 137 0.35
0.669572190017164 138 0.35
0.588548028506413 139 0.35
0.553817085337918 140 0.35
0.383410640135095 141 0.35
0.35268894570362 142 0.35
0.354796919493235 143 0.35
0.405380104696435 144 0.35
