0.777541924316468 1 0.35
0.801110600919741 2 0.35
0.748444635947151 3 0.35
0.614386291552347 4 0.35
0.55130694556538 5 0.35
0.639223448437488 6 0.35
0.570328739169537 7 0.35
0.511183189730682 8 0.35
0.684714809442577 9 0.35
0.663983804524797 10 0.35
0.664875410119769 11 0.35
0.771502621125461 12 0.35
0.726170623680194 13 0.35
0.749156567309228 14 0.35
0.717468265833826 15 0.35
0.721301699404892 16 0.35
0.559951080524867 17 0.35
0.572964396557927 18 0.35
0.510398301121885 19 0.35
0.447795813508482 20 0.35
0.452204551725177 21 0.35
0.482553206245106 22 0.35
0.5706724579615 23 0.35
0.628263229682888 24 0.35
0.617567408224492 25 0.35
0.571487397323382 26 0.35
0.580214107667872 27 0.35
0.576321662724196 28 0.35
0.542317813684279 29 0.35
0.436318846935364 30 0.35
0.379642713326387 31 0.35
0.345754847846278 32 0.35
0.294843240325366 33 0.35
0.291837402628813 34 0.35
0.389115406774489 35 0.35
0.422286182223386 36 0.35
0.548414280909625 37 0.35
0.616183371342826 38 0.35
0.604614458484534 39 0.35
0.605397046958994 40 0.35
0.527965353726036 41 0.35
0.543636228835678 42 0.35
0.483071735086963 43 0.35
0.439111713497855 44 0.35
0.405539757545296 45 0.35
0.415245478375467 46 0.35
0.443163926388973 47 0.35
0.54597527878086 48 0.35
0.590236157533338 49 0.35
0.624258207879261 50 0.35
0.637497264029761 51 0.35
0.607185517625118 52 0.35
0.581224975815301 53 0.35
0.487129218725682 54 0.35
0.548456573869174 55 0.35
0.529935528647519 56 0.35
0.483681325110451 57 0.35
0.450601414578686 58 0.35
0.629046679024862 59 0.35
0.619341286015452 60 0.35
0.6391958261792 61 0.35
0.568014221971613 62 0.35
0.573756912455804 63 0.35
0.567872451374219 64 0.35
0.535414114677996 65 0.35
0.543077326813824 66 0.35
0.537873531368716 67 0.35
0.484342726718746 68 0.35
0.492193235153025 69 0.35
0.465156504703784 70 0.35
0.451323642701561 71 0.35
0.472435275081709 72 0.35
0.56832126331294 73 0.35
0.582225733041692 74 0.35
0.627881791210249 75 0.35
0.633940530638288 76 0.35
0.613900641451233 77 0.35
0.550057578286181 78 0.35
0.488177047313763 79 0.35
0.408586475345608 80 0.35
0.428835378542983 81 0.35
0.557501635890124 82 0.35
0.565956847149433 83 0.35
0.591221748784276 84 0.35
0.614011546477921 85 0.35
0.672629347258192 86 0.35
0.757913957490217 87 0.35
0.717341916132268 88 0.35
0.695964605885913 89 0.35
0.723608126590073 90 0.35
0.58810611352273 91 0.35
0.575742334886874 92 0.35
0.529373751363337 93 0.35
0.572098929576788 94 0.35
0.621132397833834 95 0.35
0.678568279076918 96 0.35
0.715171830883512 97 0.35
0.755829479292462 98 0.35
0.741152518624654 99 0.35
0.687500535043605 100 0.35
0.680129269857806 101 0.35
0.612225292503886 102 0.35
0.406097724314805 103 0.35
0.346511776740972 104 0.35
0.35663503987253 105 0.35
0.379641966735889 106 0.35
0.491069307145396 107 0.35
0.620715506935768 108 0.35
0.679684136257323 109 0.35
0.606406290240009 110 0.35
0.630744315148831 111 0.35
0.731449050925355 112 0.35
0.660189114129759 113 0.35
0.625275683278888 114 0.35
0.570608748736683 115 0.35
0.632771780896178 116 0.35
0.642761041873028 117 0.35
0.594156016799906 118 0.35
0.572164643557586 119 0.35
0.659822496261659 120 0.35
0.670718410385068 121 0.35
0.69938806299249 122 0.35
0.740238155493939 123 0.35
0.73691217877168 124 0.35
0.743734458154784 125 0.35
0.651063665535236 126 0.35
0.655448955146683 127 0.35
0.566772927329304 128 0.35
0.552420216006618 129 0.35
0.364839091133905 130 0.35
0.455725625821083 131 0.35
0.471478271842371 132 0.35
0.518773813761422 133 0.35
0.609884272990514 134 0.35
0.665723234479708 135 0.35
0.663949329847302 136 0.35
0.757399359328644 137 0.35
0.691024470451701 138 0.35
0.643218734808661 139 0.35
0.547607071562991 140 0.35
0.489570604079827 141 0.35
0.516766174321223 142 0.35
0.522911246631151 143 0.35
0.533732693749483 144 0.35
