0.651815233278893 1 0.35
0.712944969896253 2 0.35
0.75317355017972 3 0.35
0.773236560189215 4 0.35
0.807025506515461 5 0.35
0.784359666685609 6 0.35
0.671688034171584 7 0.35
0.677538266874564 8 0.35
0.583208557351284 9 0.35
0.58697979156172 10 0.35
0.556258737921896 11 0.35
0.572454803712951 12 0.35
0.470450753732401 13 0.35
0.535668828258965 14 0.35
0.437144665352165 15 0.35
0.436294171037956 16 0.35
0.382058430879211 17 0.35
0.331320406416532 18 0.35
0.268793072560929 19 0.35
0.294678145637421 20 0.35
0.302197833970466 21 0.35
0.288778930426281 22 0.35
0.341992384778375 23 0.35
0.384968698069373 24 0.35
0.46623057279276 25 0.35
0.501002828041197 26 0.35
0.543017119999056 27 0.35
0.613539492538603 28 0.35
0.589639886354516 29 0.35
0.653616882350058 30 0.35
0.561493433119335 31 0.35
0.584394255270148 32 0.35
0.716915326117417 33 0.35
0.536447812102572 34 0.35
0.623876343873172 35 0.35
0.6922789947958 36 0.35
0.737417840352918 37 0.35
0.751192562621673 38 0.35
0.722706827180779 39 0.35
0.730611801129984 40 0.35
0.726162593427609 41 0.35
0.784400833558233 42 0.35
0.655847411709269 43 0.35
0.586678715806851 44 0.35
0.612053382334273 45 0.35
0.598201475725047 46 0.35
0.648448373167345 47 0.35
0.657724417938134 48 0.35
0.71575916834991 49 0.35
0.657811368865238 50 0.35
0.702667450325072 51 0.35
0.676858298831354 52 0.35
0.710679555271076 53 0.35
0.704485016582952 54 0.35
0.644550134732584 55 0.35
0.637814444264051 56 0.35
0.604016636517391 57 0.35
0.514990324157096 58 0.35
0.450583205326216 59 0.35
0.60019064392452 60 0.35
0.706937304858799 61 0.35
0.75239406203584 62 0.35
0.815370965294852 63 0.35
0.815094456603532 64 0.35
0.807110437548016 65 0.35
0.743050430343658 66 0.35
0.678457989451677 67 0.35
0.643850160897817 68 0.35
0.552982125292887 69 0.35
0.603350567158139 70 0.35
0.649400325482561 71 0.35
0.608276658493526 72 0.35
0.62597397375524 73 0.35
0.615852759213039 74 0.35
0.648211272475589 75 0.35
0.610794488513495 76 0.35
0.524594523129122 77 0.35
0.530102064535991 78 0.35
0.489234984617444 79 0.35
0.424878082853502 80 0.35
0.35109431789045 81 0.35
0.340148038408158 82 0.35
0.364129072313502 83 0.35
0.401252831629029 84 0.35
0.486699199510796 85 0.35
0.57370053925365 86 0.35
0.56469884094499 87 0.35
0.53793342190777 88 0.35
0.510116105636509 89 0.35
0.475527053353527 90 0.35
0.420864347461888 91 0.35
0.316528761117932 92 0.35
0.274960607296901 93 0.35
0.274172673220548 94 0.35
0.33578130177874 95 0.35
0.411437021331006 96 0.35
0.502330324848614 97 0.35
0.587146631605099 98 0.35
0.601679137065308 99 0.35
0.572771777340614 100 0.35
0.582140879064918 101 0.35
0.525661978534408 102 0.35
0.452901420523967 103 0.35
0.388746819469364 104 0.35
0.351866559219388 105 0.35
0.348500255766845 106 0.35
0.383444252079642 107 0.35
0.482021614498302 108 0.35
0.640351469289683 109 0.35
0.80522686025564 110 0.35
0.808599553678459 111 0.35
0.587433428747096 112 0.35
0.5946843248185 113 0.35
0.577002217132759 114 0.35
0.572110722123464 115 0.35
0.572157119529426 116 0.35
0.4609636131875 117 0.35
0.415065019632376 118 0.35
0.461361620498647 119 0.35
0.404144238025159 120 0.35
0.396234587254374 121 0.35
0.49884784811785 122 0.35
0.532126733743604 123 0.35
0.514840745274557 124 0.35
0.486830419097683 125 0.35
0.516821122661629 126 0.35
0.478450308063892 127 0.35
0.498087449790926 128 0.35
0.470945114102294 129 0.35
0.446421542047438 130 0.35
0.504621093039554 131 0.35
0.581151613158951 132 0.35
0.633122961244696 133 0.35
0.672956907531784 134 0.35
0.635487257195247 135 0.35
0.639505207846036 136 0.35
0.6564228838872 137 0.35
0.580792207398661 138 0.35
0.571831873679143 139 0.35
0.599856619437414 140 0.35
0.615202519516818 141 0.35
0.60349178091841 142 0.35
0.692317904321331 143 0.35
0.662448919118039 144 0.35
