0.55469414416942 1 0.35
0.583449480058399 2 0.35
0.585610182468279 3 0.35
0.571845322955973 4 0.35
0.566490297172007 5 0.35
0.483101282814486 6 0.35
0.532193131962514 7 0.35
0.570294202913777 8 0.35
0.505908161887708 9 0.35
0.47636412097454 10 0.35
0.545134347906985 11 0.35
0.484963506359207 12 0.35
0.632100381814715 13 0.35
0.726227053181893 14 0.35
0.728357080703979 15 0.35
0.645716954936949 16 0.35
0.625780443524975 17 0.35
0.572171659231809 18 0.35
0.488850176519125 19 0.35
0.403554575599195 20 0.35
0.397248200269356 21 0.35
0.481023619683883 22 0.35
0.596166019053255 23 0.35
0.564058368740113 24 0.35
0.589649544679412 25 0.35
0.663012073631148 26 0.35
0.678862057986223 27 0.35
0.661408857649613 28 0.35
0.655446345042659 29 0.35
0.61567434675986 30 0.35
0.654275121048213 31 0.35
0.57405132407246 32 0.35
0.550667252531806 33 0.35
0.513823336616578 34 0.35
0.50165182769081 35 0.35
0.545544915904977 36 0.35
0.633616670145093 37 0.35
0.572173392429392 38 0.35
0.529747436739295 39 0.35
0.53228774259917 40 0.35
0.539274934811571 41 0.35
0.358692706388479 42 0.35
0.301092145105632 43 0.35
0.290257524882052 44 0.35
0.311509867992971 45 0.35
0.326877332399716 46 0.35
0.344263982196169 47 0.35
0.397893425911307 48 0.35
0.505690963324592 49 0.35
0.53378218345756 50 0.35
0.545150515801566 51 0.35
0.532603150437668 52 0.35
0.516132818088874 53 0.35
0.418690542022548 54 0.35
0.392147029215942 55 0.35
0.406141441451614 56 0.35
0.522532178034131 57 0.35
0.61814051300348 58 0.35
0.602901705676501 59 0.35
0.579012063929977 60 0.35
0.632939017386649 61 0.35
0.664082894722883 62 0.35
0.66381090421826 63 0.35
0.702339999265387 64 0.35
0.584174729437142 65 0.35
0.515528123335463 66 0.35
0.363406648504484 67 0.35
0.323700653254013 68 0.35
0.339576521890498 69 0.35
0.398097890149101 70 0.35
0.415185085202653 71 0.35
0.469696372889118 72 0.35
0.501490837488726 73 0.35
0.530974512354252 74 0.35
0.577417962545289 75 0.35
0.650267484561662 76 0.35
0.65147075374053 77 0.35
0.627692967594087 78 0.35
0.556942507491202 79 0.35
0.572472089289046 80 0.35
0.513144457953897 81 0.35
0.494489651182118 82 0.35
0.555368524903398 83 0.35
0.614412730954857 84 0.35
0.611224773324125 85 0.35
0.561642801144105 86 0.35
0.587894663880164 87 0.35
0.679029308794208 88 0.35
0.645409935554655 89 0.35
0.608852456262175 90 0.35
0.539994544629961 91 0.35
0.504535093167591 92 0.35
0.436859303048892 93 0.35
0.491363851328557 94 0.35
0.553689129919377 95 0.35
0.593291036596935 96 0.35
0.633151912763136 97 0.35
0.694198269885069 98 0.35
0.674769877028514 99 0.35
0.673448187749622 100 0.35
0.611365649905799 101 0.35
0.596192985784217 102 0.35
0.545912481045852 103 0.35
0.520346228168985 104 0.35
0.474694542262478 105 0.35
0.527161654086939 106 0.35
0.620031982171076 107 0.35
0.635762487006714 108 0.35
0.806582527065597 109 0.35
0.747417662191149 110 0.35
0.750634588411247 111 0.35
0.693833442705679 112 0.35
0.746218130616228 113 0.35
0.692687001178022 114 0.35
0.504350603795381 115 0.35
0.679165696431751 116 0.35
0.563061080621548 117 0.35
0.531585536010122 118 0.35
0.519965367587459 119 0.35
0.61839741571305 120 0.35
0.645305597589028 121 0.35
0.644394754264583 122 0.35
0.727216593537363 123 0.35
0.73855915536627 124 0.35
0.799066142910333 125 0.35
0.770630241719741 126 0.35
0.745898888296531 127 0.35
0.676441974196414 128 0.35
0.633660889154449 129 0.35
0.704886129412453 130 0.35
0.683478618213327 131 0.35
0.720374108295223 132 0.35
0.806643070406535 133 0.35
0.726947043279833 134 0.35
0.757696714505602 135 0.35
0.798222930657243 136 0.35
0.700663505381872 137 0.35
0.669623300417353 138 0.35
0.659840866399125 139 0.35
0.579864312556889 140 0.35
0.583165583091083 141 0.35
0.68273376247199 142 0.35
0.678800690102396 143 0.35
0.745371336750257 144 0.35
