0.710424814425285 1 0.35
0.786398496313794 2 0.35
0.78871249961807 3 0.35
0.784192965252215 4 0.35
0.711244899707077 5 0.35
0.618238798255952 6 0.35
0.52083964025874 7 0.35
0.410524231783254 8 0.35
0.433995181764306 9 0.35
0.433956852500315 10 0.35
0.523951798876477 11 0.35
0.547216971408361 12 0.35
0.575938668474985 13 0.35
0.601919731572608 14 0.35
0.606235488792721 15 0.35
0.632468664060642 16 0.35
0.62728610165909 17 0.35
0.600061451003857 18 0.35
0.592210284062522 19 0.35
0.518313225494432 20 0.35
0.66535975267829 21 0.35
0.69585819909149 22 0.35
0.69781108689435 23 0.35
0.712759444785407 24 0.35
0.644970250686167 25 0.35
0.707241673707793 26 0.35
0.803861154701611 27 0.35
0.723913767412397 28 0.35
0.608781749606738 29 0.35
0.559878636254844 30 0.35
0.578460842007031 31 0.35
0.520158026703655 32 0.35
0.569362080295022 33 0.35
0.591257247474234 34 0.35
0.606291962018147 35 0.35
0.638003571335126 36 0.35
0.69415790454198 37 0.35
0.707573518284981 38 0.35
0.739326581950927 39 0.35
0.729142411749222 40 0.35
0.714597775929353 41 0.35
0.748239392665954 42 0.35
0.663701160499006 43 0.35
0.639359388282614 44 0.35
0.500728572838238 45 0.35
0.479475898782762 46 0.35
0.623310295967722 47 0.35
0.671360271733833 48 0.35
0.781906548696204 49 0.35
0.751225025396243 50 0.35
0.730054826475317 51 0.35
0.755955584535741 52 0.35
0.763693469146098 53 0.35
0.668219269609005 54 0.35
0.645182863143099 55 0.35
0.72292264239507 56 0.35
0.676174986025205 57 0.35
0.671908741046155 58 0.35
0.717706127891077 59 0.35
0.731020565063727 60 0.35
0.728896193089766 61 0.35
0.771276864678736 62 0.35
0.774878769218171 63 0.35
0.692809990752931 64 0.35
0.744463685390515 65 0.35
0.696154534615968 66 0.35
0.470872735569228 67 0.35
0.44372803517959 68 0.35
0.460926084804023 69 0.35
0.454740200062768 70 0.35
0.495395308014729 71 0.35
0.572697955215757 72 0.35
0.658506562152813 73 0.35
0.698422358973735 74 0.35
0.601795512823044 75 0.35
0.686885691902135 76 0.35
0.641563707977068 77 0.35
0.587199138253253 78 0.35
0.582533782999475 79 0.35
0.631102590373288 80 0.35
0.575160996986999 81 0.35
0.569122150947335 82 0.35
0.629129675209279 83 0.35
0.669777059452445 84 0.35
0.721456415629043 85 0.35
0.764564956149302 86 0.35
0.82755615825019 87 0.35
0.739901903936786 88 0.35
0.655861960994614 89 0.35
0.627837707954895 90 0.35
0.655403885592719 91 0.35
0.615433239567244 92 0.35
0.638517965966122 93 0.35
0.568804005671957 94 0.35
0.528963227331137 95 0.35
0.571924369985476 96 0.35
0.636837757903258 97 0.35
0.686434441522401 98 0.35
0.673557424624214 99 0.35
0.6445609727938 100 0.35
0.581499569475034 101 0.35
0.555635341955937 102 0.35
0.518103897926658 103 0.35
0.438215154265274 104 0.35
0.423174648605139 105 0.35
0.403063260595553 106 0.35
0.408632984197809 107 0.35
0.504060837602899 108 0.35
0.593841897665039 109 0.35
0.554372172015463 110 0.35
0.603426162051012 111 0.35
0.612041203403557 112 0.35
0.60949384167808 113 0.35
0.640004406333715 114 0.35
0.532028240319421 115 0.35
0.585356675927201 116 0.35
0.559462039536648 117 0.35
0.583856595274159 118 0.35
0.667298168095272 119 0.35
0.712314610036831 120 0.35
0.721605686023043 121 0.35
0.710423482798176 122 0.35
0.731101154693561 123 0.35
0.75159479986009 124 0.35
0.717155810135938 125 0.35
0.47523632800274 126 0.35
0.468842246091774 127 0.35
0.45236546712457 128 0.35
0.500308132952865 129 0.35
0.510311169867126 130 0.35
0.620769171721738 131 0.35
0.640542068838487 132 0.35
0.658829582564555 133 0.35
0.649818460346576 134 0.35
0.621785262388475 135 0.35
0.51411864903313 136 0.35
0.500909144661161 137 0.35
0.489779420103801 138 0.35
0.551808441318079 139 0.35
0.50333328430684 140 0.35
0.463494241079915 141 0.35
0.505110962832429 142 0.35
0.606785535908375 143 0.35
0.67755554563202 144 0.35
