0.494361007886226 1 0.35
0.545624489531482 2 0.35
0.620730155093353 3 0.35
0.562294116883359 4 0.35
0.56804423804702 5 0.35
0.573571651365276 6 0.35
0.577963515138304 7 0.35
0.563466399803696 8 0.35
0.538103224420404 9 0.35
0.539646244804128 10 0.35
0.62350895754033 11 0.35
0.6352270558361 12 0.35
0.689648438337937 13 0.35
0.79172637575505 14 0.35
0.813232740492149 15 0.35
0.811019285952407 16 0.35
0.742927353232674 17 0.35
0.766510081151317 18 0.35
0.718021013716497 19 0.35
0.620490283609755 20 0.35
0.661029779909954 21 0.35
0.65063929539338 22 0.35
0.684696152234545 23 0.35
0.679166092372974 24 0.35
0.80562097696912 25 0.35
0.730782243457839 26 0.35
0.743100131881712 27 0.35
0.732504513564511 28 0.35
0.658372008121044 29 0.35
0.640909885016647 30 0.35
0.607263783958571 31 0.35
0.724991119839967 32 0.35
0.494488768048956 33 0.35
0.500525165568562 34 0.35
0.574350600020873 35 0.35
0.686260775686665 36 0.35
0.793345825002887 37 0.35
0.82210122128515 38 0.35
0.754597071646537 39 0.35
0.680024351272485 40 0.35
0.645170962872882 41 0.35
0.661796218262528 42 0.35
0.573307563190909 43 0.35
0.457700357789376 44 0.35
0.38737631257652 45 0.35
0.403850371185937 46 0.35
0.457746565231239 47 0.35
0.465353381966257 48 0.35
0.51592296678291 49 0.35
0.598176586030921 50 0.35
0.598750188836378 51 0.35
0.559336535456612 52 0.35
0.531658177955925 53 0.35
0.544923269605414 54 0.35
0.541450661286848 55 0.35
0.455872495057507 56 0.35
0.491072418300018 57 0.35
0.483373809732102 58 0.35
0.574922185463845 59 0.35
0.574444415393101 60 0.35
0.636192417573718 61 0.35
0.66583083136957 62 0.35
0.683008079175689 63 0.35
0.696904949009672 64 0.35
0.612235952161935 65 0.35
0.569931461171794 66 0.35
0.564405148057428 67 0.35
0.47065876620492 68 0.35
0.498071265787845 69 0.35
0.433207847592245 70 0.35
0.572713213551261 71 0.35
0.599589784229896 72 0.35
0.639626433520453 73 0.35
0.640782315400807 74 0.35
0.757050651659994 75 0.35
0.659744163674753 76 0.35
0.608273192581699 77 0.35
0.517954557446265 78 0.35
0.454673041658836 79 0.35
0.420483701718179 80 0.35
0.665737862102255 81 0.35
0.673222057426976 82 0.35
0.673945809996268 83 0.35
0.731907420259589 84 0.35
0.744972553998622 85 0.35
0.804096560342378 86 0.35
0.821619132473819 87 0.35
0.724819672178122 88 0.35
0.711851875006268 89 0.35
0.645791995155019 90 0.35
0.730719849486997 91 0.35
0.724992044830116 92 0.35
0.579634315970661 93 0.35
0.606554626290428 94 0.35
0.719276700490296 95 0.35
0.702833294104418 96 0.35
0.652983680410064 97 0.35
0.710103362082384 98 0.35
0.651444448307216 99 0.35
0.61743433538045 100 0.35
0.677539496827843 101 0.35
0.513445451737033 102 0.35
0.646563509633037 103 0.35
0.724983733010779 104 0.35
0.646804617795216 105 0.35
0.493425593440029 106 0.35
0.571483956377777 107 0.35
0.632293686374013 108 0.35
0.65605476803092 109 0.35
0.621478599576656 110 0.35
0.607069415990852 111 0.35
0.643092024341002 112 0.35
0.580459865449623 113 0.35
0.499832053232771 114 0.35
0.469319283112713 115 0.35
0.462333490017515 116 0.35
0.5035066505664 117 0.35
0.514644193229966 118 0.35
0.585751683202194 119 0.35
0.52387309321348 120 0.35
0.581380245740618 121 0.35
0.571020960541249 122 0.35
0.602721149254726 123 0.35
0.621688699848471 124 0.35
0.66640016771944 125 0.35
0.588669178202495 126 0.35
0.621632685868064 127 0.35
0.66048880372978 128 0.35
0.675534514286572 129 0.35
0.68220284045477 130 0.35
0.690719267679519 131 0.35
0.692729171044688 132 0.35
0.668195569393399 133 0.35
0.685673357400007 134 0.35
0.724450264495684 135 0.35
0.724724438165079 136 0.35
0.657120658259926 137 0.35
0.592724418243987 138 0.35
0.547258266227911 139 0.35
0.540431888671461 140 0.35
0.501311834265174 141 0.35
0.523396715119815 142 0.35
0.576534246411152 143 0.35
0.643047210470155 144 0.35
