0.54911441335148 1 0.35
0.54726859772328 2 0.35
0.688694460981886 3 0.35
0.671328418097347 4 0.35
0.686042275425063 5 0.35
0.623758264018599 6 0.35
0.653969147843818 7 0.35
0.58744815684822 8 0.35
0.502809218577336 9 0.35
0.54511772067094 10 0.35
0.656999342195895 11 0.35
0.689379620285066 12 0.35
0.627987880735615 13 0.35
0.742259500826279 14 0.35
0.768100574024166 15 0.35
0.76044959155838 16 0.35
0.723235588084922 17 0.35
0.624304616977863 18 0.35
0.564928904535081 19 0.35
0.467854664834318 20 0.35
0.501930842040268 21 0.35
0.474964171147631 22 0.35
0.50545000598974 23 0.35
0.551120786963604 24 0.35
0.606748760322111 25 0.35
0.701003962829301 26 0.35
0.693685672338542 27 0.35
0.595521475891041 28 0.35
0.638111384277335 29 0.35
0.603590309211032 30 0.35
0.577904533509479 31 0.35
0.507905984113595 32 0.35
0.269478806618653 33 0.35
0.362965154282786 34 0.35
0.427455973625322 35 0.35
0.403412489697881 36 0.35
0.53281636814988 37 0.35
0.575277974643363 38 0.35
0.507335163901347 39 0.35
0.576595250678968 40 0.35
0.615654508861991 41 0.35
0.555951101369312 42 0.35
0.499012309215173 43 0.35
0.509386542747763 44 0.35
0.468614119162031 45 0.35
0.511610262334595 46 0.35
0.591099240216923 47 0.35
0.614439068275687 48 0.35
0.679034776779456 49 0.35
0.726535710284726 50 0.35
0.726276616590638 51 0.35
0.786823425492621 52 0.35
0.768929319338575 53 0.35
0.669732434399327 54 0.35
0.578479494011124 55 0.35
0.526092455272092 56 0.35
0.695598932650556 57 0.35
0.724723794889578 58 0.35
0.657985141959222 59 0.35
0.664809027671906 60 0.35
0.724452623693976 61 0.35
0.654062022835395 62 0.35
0.641710052244506 63 0.35
0.6479290374462 64 0.35
0.779001592317048 65 0.35
0.742443057366152 66 0.35
0.619541446228611 67 0.35
0.590785703360989 68 0.35
0.530557700621533 69 0.35
0.577670638732588 70 0.35
0.531218952926595 71 0.35
0.674996320653998 72 0.35
0.724432191665322 73 0.35
0.822088851470503 74 0.35
0.804469480327509 75 0.35
0.768270254506952 76 0.35
0.649830169561629 77 0.35
0.637048062765453 78 0.35
0.520019181748088 79 0.35
0.474394614912512 80 0.35
0.544825328710567 81 0.35
0.614937325030465 82 0.35
0.665090154423946 83 0.35
0.729077726958978 84 0.35
0.752341455218211 85 0.35
0.696763999302426 86 0.35
0.734189888408988 87 0.35
0.609970156176965 88 0.35
0.528313868303387 89 0.35
0.43768090922237 90 0.35
0.317739833161595 91 0.35
0.278700762493814 92 0.35
0.314323783049115 93 0.35
0.264753102678841 94 0.35
0.318339698712015 95 0.35
0.359730859826905 96 0.35
0.429982152750284 97 0.35
0.444882255191182 98 0.35
0.392664570620814 99 0.35
0.358266201252275 100 0.35
0.298370888645209 101 0.35
0.259243751987771 102 0.35
0.204101066276731 103 0.35
0.170778089552508 104 0.35
0.158236032326305 105 0.35
0.16216682647331 106 0.35
0.277886176659924 107 0.35
0.318185854984558 108 0.35
0.41193271347208 109 0.35
0.43953206159398 110 0.35
0.625152336857244 111 0.35
0.708205979830828 112 0.35
0.752734561952292 113 0.35
0.748786505127764 114 0.35
0.636305406113509 115 0.35
0.546666858363463 116 0.35
0.525426636677647 117 0.35
0.518772242893794 118 0.35
0.502937090977816 119 0.35
0.46278198620106 120 0.35
0.455293492524594 121 0.35
0.526838156747512 122 0.35
0.592596317472366 123 0.35
0.643988273944947 124 0.35
0.650424307137138 125 0.35
0.611201243800497 126 0.35
0.546584243810415 127 0.35
0.426507851177113 128 0.35
0.399564885949437 129 0.35
0.406054172987509 130 0.35
0.680580400685015 131 0.35
0.77160026219729 132 0.35
0.618780178264532 133 0.35
0.631253759357595 134 0.35
0.677092431766396 135 0.35
0.717303899951747 136 0.35
0.696660135483337 137 0.35
0.635825919422809 138 0.35
0.586638219168092 139 0.35
0.640384635407365 140 0.35
0.610171074688494 141 0.35
0.670338657497358 142 0.35
0.643733453780565 143 0.35
0.644386215432781 144 0.35
