0.527910836663311 1 0.35
0.601944217071908 2 0.35
0.723320849361729 3 0.35
0.73420278521054 4 0.35
0.777624738900314 5 0.35
0.695606652357299 6 0.35
0.704117747240977 7 0.35
0.693146084562279 8 0.35
0.624832978638332 9 0.35
0.647495621084543 10 0.35
0.713304673590603 11 0.35
0.705223337276918 12 0.35
0.705052211216125 13 0.35
0.782281846671608 14 0.35
0.80329120631445 15 0.35
0.7335604816763 16 0.35
0.725483121119307 17 0.35
0.717340687954457 18 0.35
0.644890994088132 19 0.35
0.706854467176731 20 0.35
0.603442187405926 21 0.35
0.588646876919102 22 0.35
0.683913570882768 23 0.35
0.748307108481406 24 0.35
0.766777350299147 25 0.35
0.818506124276385 26 0.35
0.741746423208382 27 0.35
0.73415744850222 28 0.35
0.73923948060557 29 0.35
0.74757081351671 30 0.35
0.68730737318352 31 0.35
0.570249178288024 32 0.35
0.534161164642815 33 0.35
0.602607228088083 34 0.35
0.657551814496697 35 0.35
0.633850244269667 36 0.35
0.677688481601203 37 0.35
0.708066383801333 38 0.35
0.787434573394919 39 0.35
0.731110295212254 40 0.35
0.700806873674972 41 0.35
0.703698838991911 42 0.35
0.638242081450482 43 0.35
0.624376335086151 44 0.35
0.603582003474302 45 0.35
0.607776998367831 46 0.35
0.604841798116444 47 0.35
0.63572838179617 48 0.35
0.73959789327913 49 0.35
0.720573428568206 50 0.35
0.7527214018858 51 0.35
0.671225110949642 52 0.35
0.595455332438091 53 0.35
0.567009521569902 54 0.35
0.496848639265756 55 0.35
0.57347847171294 56 0.35
0.506106994850436 57 0.35
0.535315749863994 58 0.35
0.579476486248917 59 0.35
0.61692271208707 60 0.35
0.708637194618758 61 0.35
0.726903908794968 62 0.35
0.740999951625228 63 0.35
0.703687287705139 64 0.35
0.652851521228882 65 0.35
0.655297433806755 66 0.35
0.645559285296623 67 0.35
0.663455906019021 68 0.35
0.697245088174499 69 0.35
0.61328584267362 70 0.35
0.567939859349237 71 0.35
0.632372283994625 72 0.35
0.775072832120291 73 0.35
0.741151855706102 74 0.35
0.660363865368806 75 0.35
0.680138525962367 76 0.35
0.633230580701739 77 0.35
0.566635383080989 78 0.35
0.557881202523075 79 0.35
0.531354536372333 80 0.35
0.396573139337488 81 0.35
0.494610781237848 82 0.35
0.515184416093956 83 0.35
0.599749747265978 84 0.35
0.597599319460997 85 0.35
0.663636207376431 86 0.35
0.663735017486754 87 0.35
0.692028170378519 88 0.35
0.632611524819011 89 0.35
0.647880151190092 90 0.35
0.662878480618581 91 0.35
0.644069015672154 92 0.35
0.655739613909915 93 0.35
0.662008628640789 94 0.35
0.608028177419619 95 0.35
0.687449258236657 96 0.35
0.744578878654509 97 0.35
0.787969807848403 98 0.35
0.827537240557942 99 0.35
0.67183246935457 100 0.35
0.640347718589141 101 0.35
0.682216816797482 102 0.35
0.641103968929851 103 0.35
0.633744408670094 104 0.35
0.617844584416043 105 0.35
0.628228339290305 106 0.35
0.638346864465413 107 0.35
0.608678566253075 108 0.35
0.73444681639522 109 0.35
0.789648709926289 110 0.35
0.807869163592884 111 0.35
0.82238447839981 112 0.35
0.769627766572564 113 0.35
0.784281464278681 114 0.35
0.714325077648966 115 0.35
0.725001540287187 116 0.35
0.55410058933432 117 0.35
0.585688139654911 118 0.35
0.679153771141394 119 0.35
0.681820756647628 120 0.35
0.762181341954768 121 0.35
0.734678298986686 122 0.35
0.758547531393116 123 0.35
0.782725406745496 124 0.35
0.807060869667365 125 0.35
0.684233252721071 126 0.35
0.623980576271999 127 0.35
0.564641747308903 128 0.35
0.601772184805282 129 0.35
0.546601381314777 130 0.35
0.517075825884633 131 0.35
0.574829333178038 132 0.35
0.681241025123832 133 0.35
0.731594340467659 134 0.35
0.649077413462035 135 0.35
0.557660139757397 136 0.35
0.581845545869216 137 0.35
0.57106940002451 138 0.35
0.499077432453615 139 0.35
0.368961246052996 140 0.35
0.332788280713591 141 0.35
0.324216156408954 142 0.35
0.343855195065531 143 0.35
0.340272240141093 144 0.35
