0.605843594114408 1 0.35
0.671748912608005 2 0.35
0.673113758888539 3 0.35
0.680203424470003 4 0.35
0.732641660045676 5 0.35
0.767820465087331 6 0.35
0.650079840627122 7 0.35
0.625255436303677 8 0.35
0.639387412100337 9 0.35
0.618972136198353 10 0.35
0.560394720349093 11 0.35
0.562273252435136 12 0.35
0.663023115674163 13 0.35
0.683683145936926 14 0.35
0.644207813966846 15 0.35
0.519668245310181 16 0.35
0.562699309254956 17 0.35
0.448368431989807 18 0.35
0.432481622252665 19 0.35
0.362809841137104 20 0.35
0.347488663888321 21 0.35
0.375289105487695 22 0.35
0.393679486823857 23 0.35
0.653723059012433 24 0.35
0.806761875037926 25 0.35
0.652390494033251 26 0.35
0.590160485610263 27 0.35
0.711825275180403 28 0.35
0.691657316614566 29 0.35
0.717486675752888 30 0.35
0.707763892850253 31 0.35
0.712528137744162 32 0.35
0.687392141872955 33 0.35
0.724575690142233 34 0.35
0.683223109134408 35 0.35
0.758753814533901 36 0.35
0.769626928144783 37 0.35
0.76545060480825 38 0.35
0.697193247609025 39 0.35
0.754809319433699 40 0.35
0.753395221913112 41 0.35
0.637966429539925 42 0.35
0.651998841125675 43 0.35
0.543461865083369 44 0.35
0.530235012399707 45 0.35
0.550589915698331 46 0.35
0.534688828504548 47 0.35
0.591900106774816 48 0.35
0.621391788778826 49 0.35
0.595030285993714 50 0.35
0.678408013905636 51 0.35
0.688182279085935 52 0.35
0.672807927833418 53 0.35
0.697187296067 54 0.35
0.62910529464464 55 0.35
0.633061326493922 56 0.35
0.51095610322628 57 0.35
0.583736052466431 58 0.35
0.51674026158101 59 0.35
0.538948058731617 60 0.35
0.679062709992309 61 0.35
0.705999275505718 62 0.35
0.710908485905519 63 0.35
0.704910731178561 64 0.35
0.615649815972394 65 0.35
0.497818652555488 66 0.35
0.445508178824184 67 0.35
0.392017460294664 68 0.35
0.434297225516319 69 0.35
0.506856599300931 70 0.35
0.608649199672896 71 0.35
0.631463368814326 72 0.35
0.666792073414935 73 0.35
0.756660384737883 74 0.35
0.668187942046997 75 0.35
0.607548662544616 76 0.35
0.521383803835986 77 0.35
0.476443662281886 78 0.35
0.383034541748799 79 0.35
0.38736654941694 80 0.35
0.341115206784523 81 0.35
0.465350844400493 82 0.35
0.483241817044072 83 0.35
0.575136728405052 84 0.35
0.620393485037698 85 0.35
0.538344560358778 86 0.35
0.524674076211869 87 0.35
0.529073665683968 88 0.35
0.541578375738591 89 0.35
0.478667822354998 90 0.35
0.41046632738993 91 0.35
0.362313224241353 92 0.35
0.351439369157191 93 0.35
0.387481239566183 94 0.35
0.450384475403479 95 0.35
0.493522993787208 96 0.35
0.584134475948149 97 0.35
0.704012747359038 98 0.35
0.709773483961592 99 0.35
0.781934631238231 100 0.35
0.69068971613205 101 0.35
0.57046909145287 102 0.35
0.55066595023604 103 0.35
0.541775754041401 104 0.35
0.55194817685695 105 0.35
0.516421489943329 106 0.35
0.547028669281779 107 0.35
0.495654334435866 108 0.35
0.581725736231797 109 0.35
0.693014157836475 110 0.35
0.70747217297168 111 0.35
0.71118657056285 112 0.35
0.761618673485526 113 0.35
0.78431211981033 114 0.35
0.745786413122538 115 0.35
0.460934730628522 116 0.35
0.465327900933694 117 0.35
0.509167036367492 118 0.35
0.473493448334271 119 0.35
0.614662040123557 120 0.35
0.683294679904035 121 0.35
0.692436167694966 122 0.35
0.722847763601505 123 0.35
0.782844092882664 124 0.35
0.763514778385622 125 0.35
0.784283508508125 126 0.35
0.636509236779094 127 0.35
0.619666602569335 128 0.35
0.554389458812769 129 0.35
0.518989168281289 130 0.35
0.516825791377561 131 0.35
0.584800617829484 132 0.35
0.742590628031854 133 0.35
0.731932473728436 134 0.35
0.730739858199544 135 0.35
0.774901681139251 136 0.35
0.807136289772368 137 0.35
0.65527348638387 138 0.35
0.537976635455191 139 0.35
0.37293549818179 140 0.35
0.38241545787536 141 0.35
0.402528206303205 142 0.35
0.451792631751714 143 0.35
0.464941230584413 144 0.35
