0.564522962381121 1 0.35
0.597953870637599 2 0.35
0.590784822258492 3 0.35
0.598391134152501 4 0.35
0.607330539817151 5 0.35
0.516631142352331 6 0.35
0.48215715535467 7 0.35
0.495377793826671 8 0.35
0.500131124031953 9 0.35
0.524569806243021 10 0.35
0.57609056056515 11 0.35
0.621429230670721 12 0.35
0.690616622142846 13 0.35
0.624932297922893 14 0.35
0.600863932664612 15 0.35
0.567831223911101 16 0.35
0.516299691490497 17 0.35
0.442261354144371 18 0.35
0.363549046510238 19 0.35
0.336598006545359 20 0.35
0.286507091635944 21 0.35
0.363722703336432 22 0.35
0.385053099914708 23 0.35
0.522688549837068 24 0.35
0.565298433756846 25 0.35
0.606246173732837 26 0.35
0.615291405639928 27 0.35
0.595875350425114 28 0.35
0.632111511913321 29 0.35
0.635134415882248 30 0.35
0.63486133720222 31 0.35
0.648288669200763 32 0.35
0.602203885716839 33 0.35
0.657354359959317 34 0.35
0.633832833272091 35 0.35
0.666989379716278 36 0.35
0.737189200973303 37 0.35
0.758536841117784 38 0.35
0.781320598531724 39 0.35
0.709873126652346 40 0.35
0.608125750297501 41 0.35
0.608891075349961 42 0.35
0.593763177226072 43 0.35
0.585402409742057 44 0.35
0.57233024827247 45 0.35
0.551183747032307 46 0.35
0.570846162442436 47 0.35
0.65364947905268 48 0.35
0.735277079134976 49 0.35
0.770285609498177 50 0.35
0.750664813488696 51 0.35
0.701328751806451 52 0.35
0.689497949124489 53 0.35
0.730999230535274 54 0.35
0.645413411159036 55 0.35
0.634262876989217 56 0.35
0.659060869688719 57 0.35
0.703721594197142 58 0.35
0.745345719243097 59 0.35
0.770414455389289 60 0.35
0.75042970042797 61 0.35
0.745120457816986 62 0.35
0.810260153272052 63 0.35
0.745486220195253 64 0.35
0.659461557171911 65 0.35
0.706371549807418 66 0.35
0.576371321202852 67 0.35
0.561530024467944 68 0.35
0.499823757921135 69 0.35
0.391859856614248 70 0.35
0.409112871045403 71 0.35
0.470023206603338 72 0.35
0.56753859310378 73 0.35
0.638987467594098 74 0.35
0.576092345918471 75 0.35
0.552774366789442 76 0.35
0.463894843877975 77 0.35
0.426610310606068 78 0.35
0.331689584273973 79 0.35
0.284010277487858 80 0.35
0.271264259851345 81 0.35
0.312617099023317 82 0.35
0.285819419131654 83 0.35
0.340159160824043 84 0.35
0.392191873721632 85 0.35
0.400864074177636 86 0.35
0.367598151654403 87 0.35
0.348982421089355 88 0.35
0.311948238116395 89 0.35
0.29231165320032 90 0.35
0.229941911972224 91 0.35
0.160651954205244 92 0.35
0.166013602749444 93 0.35
0.175414013478036 94 0.35
0.214180351408862 95 0.35
0.271199125535428 96 0.35
0.348913532117285 97 0.35
0.365684347274966 98 0.35
0.418063736296007 99 0.35
0.414327162042954 100 0.35
0.36979640695356 101 0.35
0.27518440397763 102 0.35
0.218082951005267 103 0.35
0.191626289887077 104 0.35
0.258196163763565 105 0.35
0.296652103878161 106 0.35
0.357487171918597 107 0.35
0.505334354764795 108 0.35
0.456301333300291 109 0.35
0.561482761134992 110 0.35
0.62354380194183 111 0.35
0.614701914467057 112 0.35
0.654136257767874 113 0.35
0.606398009782768 114 0.35
0.528305234616863 115 0.35
0.525285493419578 116 0.35
0.606864455303283 117 0.35
0.642776792408166 118 0.35
0.655263708529228 119 0.35
0.679317730440991 120 0.35
0.653826953034971 121 0.35
0.678648929984288 122 0.35
0.58994373259835 123 0.35
0.595939394458549 124 0.35
0.588483119036203 125 0.35
0.499993670196881 126 0.35
0.51562636703104 127 0.35
0.415162589589821 128 0.35
0.413610294960998 129 0.35
0.448736055135609 130 0.35
0.492973432636682 131 0.35
0.560555516509844 132 0.35
0.635846644412489 133 0.35
0.643225767307892 134 0.35
0.671372731285649 135 0.35
0.72101038235694 136 0.35
0.595566858095092 137 0.35
0.597980176023951 138 0.35
0.564447508836124 139 0.35
0.553842525643529 140 0.35
0.637134550246569 141 0.35
0.681821305378322 142 0.35
0.745257487037285 143 0.35
0.752948445949729 144 0.35
