0.705872629282814 1 0.35
0.758582412698071 2 0.35
0.701422991074299 3 0.35
0.719936590001308 4 0.35
0.660499544858396 5 0.35
0.67260728561797 6 0.35
0.626307200181953 7 0.35
0.554331339721516 8 0.35
0.506198386333992 9 0.35
0.53860144729044 10 0.35
0.657243392919675 11 0.35
0.727839903417994 12 0.35
0.724270881465406 13 0.35
0.769504502690044 14 0.35
0.764756956637781 15 0.35
0.718716395765548 16 0.35
0.665191054077155 17 0.35
0.580669073292863 18 0.35
0.570209218290389 19 0.35
0.579071996636601 20 0.35
0.605747884559529 21 0.35
0.578305076303312 22 0.35
0.678729145860142 23 0.35
0.68724026554042 24 0.35
0.753763140643364 25 0.35
0.822039085867877 26 0.35
0.763607849769586 27 0.35
0.696992119834722 28 0.35
0.686339794235716 29 0.35
0.526524314786667 30 0.35
0.481897494015786 31 0.35
0.533914517153378 32 0.35
0.529823690878092 33 0.35
0.521271290171544 34 0.35
0.482195170428913 35 0.35
0.515935838231594 36 0.35
0.597134125198976 37 0.35
0.626197931353401 38 0.35
0.595873283334104 39 0.35
0.575593700611957 40 0.35
0.44323329542538 41 0.35
0.408558851468111 42 0.35
0.376927307672507 43 0.35
0.299544324316491 44 0.35
0.198333599836511 45 0.35
0.237233750953009 46 0.35
0.24290062163667 47 0.35
0.334199889257996 48 0.35
0.427872955058653 49 0.35
0.431122068987332 50 0.35
0.417373485114192 51 0.35
0.385248381212375 52 0.35
0.375484774828431 53 0.35
0.319499292333755 54 0.35
0.27970347678656 55 0.35
0.246942825720539 56 0.35
0.278486197667338 57 0.35
0.318440089278869 58 0.35
0.350785476793767 59 0.35
0.410224842988122 60 0.35
0.434256158990965 61 0.35
0.469667493577355 62 0.35
0.439473461177047 63 0.35
0.421630204656641 64 0.35
0.367761011646588 65 0.35
0.405318957348749 66 0.35
0.333291242986757 67 0.35
0.355106870595227 68 0.35
0.357431937857372 69 0.35
0.310817032496842 70 0.35
0.372280166080794 71 0.35
0.363800399523783 72 0.35
0.508060006697295 73 0.35
0.574934636640857 74 0.35
0.575368504331859 75 0.35
0.565403992323684 76 0.35
0.568755792142513 77 0.35
0.571504495163782 78 0.35
0.467555584051457 79 0.35
0.474094165417037 80 0.35
0.431675838097663 81 0.35
0.504183722337649 82 0.35
0.508907695931604 83 0.35
0.564837262274244 84 0.35
0.670542651678767 85 0.35
0.636723753956416 86 0.35
0.640454121310921 87 0.35
0.568814609304174 88 0.35
0.522976175896278 89 0.35
0.471659715828507 90 0.35
0.45698812876668 91 0.35
0.529067105636554 92 0.35
0.498312092558487 93 0.35
0.499456770428697 94 0.35
0.513939654550968 95 0.35
0.540787295003526 96 0.35
0.698810362618308 97 0.35
0.641167087855088 98 0.35
0.648301235674846 99 0.35
0.709486904233503 100 0.35
0.721574817156034 101 0.35
0.681609498043981 102 0.35
0.624619225851277 103 0.35
0.62730593698114 104 0.35
0.619801328879538 105 0.35
0.669288514275493 106 0.35
0.532517330314764 107 0.35
0.604107459448566 108 0.35
0.663708434165008 109 0.35
0.709010046781833 110 0.35
0.759263138536983 111 0.35
0.732540301487112 112 0.35
0.701171262495785 113 0.35
0.57077915530179 114 0.35
0.481497987747502 115 0.35
0.591741357304145 116 0.35
0.479393125077922 117 0.35
0.553651909236134 118 0.35
0.663854315629352 119 0.35
0.771484111504883 120 0.35
0.731426261310474 121 0.35
0.681949521842742 122 0.35
0.737924578554568 123 0.35
0.699586682682905 124 0.35
0.652724829653228 125 0.35
0.571443922840266 126 0.35
0.545414287587531 127 0.35
0.524995606108241 128 0.35
0.424710950869486 129 0.35
0.490922672464409 130 0.35
0.560690136477722 131 0.35
0.575132040913121 132 0.35
0.69124779633135 133 0.35
0.7217891612778 134 0.35
0.781647486965171 135 0.35
0.822306672330267 136 0.35
0.781902053350505 137 0.35
0.713004961080638 138 0.35
0.625720623563511 139 0.35
0.561987074762085 140 0.35
0.512808147255085 141 0.35
0.542260924811419 142 0.35
0.417911413518736 143 0.35
0.731647997526921 144 0.35
