0.784514805888897 1 0.35
0.764086400539824 2 0.35
0.696828761181942 3 0.35
0.701718233752526 4 0.35
0.707430677202903 5 0.35
0.66922339353134 6 0.35
0.626299405894065 7 0.35
0.617238444688027 8 0.35
0.613649477494937 9 0.35
0.595110585450641 10 0.35
0.71985075599053 11 0.35
0.766905933781312 12 0.35
0.753212848909247 13 0.35
0.82211991200994 14 0.35
0.736971224575527 15 0.35
0.758128015654056 16 0.35
0.662628990626832 17 0.35
0.619849814660129 18 0.35
0.638919819315281 19 0.35
0.613642638606672 20 0.35
0.636239160476232 21 0.35
0.724555330537776 22 0.35
0.700977753828803 23 0.35
0.65028298421001 24 0.35
0.663935855145139 25 0.35
0.62400027504108 26 0.35
0.619726131649077 27 0.35
0.619228115332756 28 0.35
0.688345843347829 29 0.35
0.686899847535684 30 0.35
0.735370987549751 31 0.35
0.562362761244021 32 0.35
0.552355161327067 33 0.35
0.680610400028532 34 0.35
0.718544733688728 35 0.35
0.659326776720557 36 0.35
0.719781471001649 37 0.35
0.76118447671012 38 0.35
0.818186797174173 39 0.35
0.822292209462051 40 0.35
0.713590841901944 41 0.35
0.633492518679062 42 0.35
0.631413021640505 43 0.35
0.571867367573551 44 0.35
0.716817667011133 45 0.35
0.649297169010738 46 0.35
0.637370829975426 47 0.35
0.716918173043161 48 0.35
0.673403918460386 49 0.35
0.644480943473621 50 0.35
0.625883904182654 51 0.35
0.535381391746078 52 0.35
0.531048680977996 53 0.35
0.535054421276665 54 0.35
0.393054305497491 55 0.35
0.361513067248834 56 0.35
0.369891699141132 57 0.35
0.429137204678725 58 0.35
0.43489672736068 59 0.35
0.498266619766854 60 0.35
0.480270379495643 61 0.35
0.50598254703175 62 0.35
0.57841338498985 63 0.35
0.611719319908821 64 0.35
0.552410421535099 65 0.35
0.559612487558443 66 0.35
0.570282090787513 67 0.35
0.533131205733565 68 0.35
0.604435523401023 69 0.35
0.610639596312422 70 0.35
0.588326507340611 71 0.35
0.657378160221849 72 0.35
0.724423420352779 73 0.35
0.680148581246457 74 0.35
0.652468983872887 75 0.35
0.581685726117956 76 0.35
0.595566909836916 77 0.35
0.554228301806765 78 0.35
0.481642909487932 79 0.35
0.481503484381402 80 0.35
0.497133292738046 81 0.35
0.558866472272363 82 0.35
0.636935092429542 83 0.35
0.605846483917886 84 0.35
0.659876926763291 85 0.35
0.73764775928015 86 0.35
0.746508239494856 87 0.35
0.812299131492633 88 0.35
0.684995783362914 89 0.35
0.614814323469182 90 0.35
0.472539382087081 91 0.35
0.389956903122422 92 0.35
0.404185929272157 93 0.35
0.35547454598094 94 0.35
0.361829643582281 95 0.35
0.477354758940043 96 0.35
0.5035735621485 97 0.35
0.594661926567851 98 0.35
0.629385136509031 99 0.35
0.687019134117052 100 0.35
0.595603122728578 101 0.35
0.530020896476087 102 0.35
0.548095113485198 103 0.35
0.428491988529557 104 0.35
0.408102858795929 105 0.35
0.35524764072766 106 0.35
0.371140888657365 107 0.35
0.445727731216853 108 0.35
0.547967257809154 109 0.35
0.538269421268162 110 0.35
0.608144884884 111 0.35
0.587474754992246 112 0.35
0.557484837191387 113 0.35
0.565012816000692 114 0.35
0.640849606616424 115 0.35
0.602151597857555 116 0.35
0.547166164287651 117 0.35
0.499905730399678 118 0.35
0.546592968697748 119 0.35
0.630736401138754 120 0.35
0.691947805328123 121 0.35
0.729962418866993 122 0.35
0.732927992598967 123 0.35
0.710106532564381 124 0.35
0.60139465114254 125 0.35
0.523158787313522 126 0.35
0.536677067814401 127 0.35
0.52333502044949 128 0.35
0.462228631368312 129 0.35
0.36742208112473 130 0.35
0.347820606295955 131 0.35
0.401650220444146 132 0.35
0.495318704483845 133 0.35
0.615424569632821 134 0.35
0.649934601879439 135 0.35
0.628908497029899 136 0.35
0.663778456371168 137 0.35
0.6349166207558 138 0.35
0.636082746275004 139 0.35
0.590935422065302 140 0.35
0.602650451453615 141 0.35
0.663638917078873 142 0.35
0.742725026685291 143 0.35
0.771582717891103 144 0.35
