0.684664485672659 1 0.35
0.658853901291464 2 0.35
0.612167854972755 3 0.35
0.594174654622354 4 0.35
0.460295580574723 5 0.35
0.439975647504188 6 0.35
0.40042791095964 7 0.35
0.256523537357455 8 0.35
0.287314238846916 9 0.35
0.241610183884433 10 0.35
0.280749868013992 11 0.35
0.323091583540749 12 0.35
0.403962042992454 13 0.35
0.43457513198447 14 0.35
0.483274443097113 15 0.35
0.518687026920384 16 0.35
0.5124469034569 17 0.35
0.392189180251762 18 0.35
0.381676876169738 19 0.35
0.474222623096685 20 0.35
0.433261347281462 21 0.35
0.325176292662443 22 0.35
0.375108538483662 23 0.35
0.392753035447207 24 0.35
0.437111786220817 25 0.35
0.495955762456217 26 0.35
0.546678334481324 27 0.35
0.517709295590533 28 0.35
0.501296328827078 29 0.35
0.409643754184079 30 0.35
0.34321671241641 31 0.35
0.318059497214431 32 0.35
0.274463956113569 33 0.35
0.24021736238468 34 0.35
0.314027554332149 35 0.35
0.367624104159736 36 0.35
0.368842569211464 37 0.35
0.437028159189726 38 0.35
0.443204839356441 39 0.35
0.405755920270013 40 0.35
0.641092822332255 41 0.35
0.642103195637246 42 0.35
0.59082746729307 43 0.35
0.539424601338757 44 0.35
0.599611128502803 45 0.35
0.658148150322313 46 0.35
0.697493096729998 47 0.35
0.637737680383868 48 0.35
0.651339707289756 49 0.35
0.679204801945248 50 0.35
0.678889848598927 51 0.35
0.64596699586933 52 0.35
0.627702713450474 53 0.35
0.661309397557374 54 0.35
0.534331861882682 55 0.35
0.498093287336374 56 0.35
0.537150231529385 57 0.35
0.563694660114468 58 0.35
0.60863425546871 59 0.35
0.628782663152493 60 0.35
0.683787001020307 61 0.35
0.706193540231012 62 0.35
0.678900634986976 63 0.35
0.666039034294532 64 0.35
0.590459761972073 65 0.35
0.576859368727873 66 0.35
0.521818570596116 67 0.35
0.472785660530708 68 0.35
0.481240268793958 69 0.35
0.369377214476641 70 0.35
0.403036818783811 71 0.35
0.498446150430129 72 0.35
0.552558494107289 73 0.35
0.573948630789656 74 0.35
0.607968711455906 75 0.35
0.68206612668707 76 0.35
0.576008400000146 77 0.35
0.571954427449404 78 0.35
0.526189702147258 79 0.35
0.541472063499234 80 0.35
0.515774770092078 81 0.35
0.567575498876882 82 0.35
0.576918589352445 83 0.35
0.592585619365184 84 0.35
0.656637280733176 85 0.35
0.649441079227592 86 0.35
0.614115998038133 87 0.35
0.62545114973025 88 0.35
0.681600768934362 89 0.35
0.621478073989063 90 0.35
0.51837919253217 91 0.35
0.427205273011023 92 0.35
0.447386328113852 93 0.35
0.572567201644809 94 0.35
0.520557534599681 95 0.35
0.617397168281656 96 0.35
0.71454481897984 97 0.35
0.761763076301066 98 0.35
0.756500102956418 99 0.35
0.698489956921103 100 0.35
0.648096885356255 101 0.35
0.659361636284186 102 0.35
0.570630939789103 103 0.35
0.590437995835202 104 0.35
0.534900923209772 105 0.35
0.577364451286363 106 0.35
0.604603794515889 107 0.35
0.742249389596123 108 0.35
0.798338710052242 109 0.35
0.791326598195947 110 0.35
0.80255456602253 111 0.35
0.815094474171294 112 0.35
0.802846112515519 113 0.35
0.784455783283892 114 0.35
0.593541571866625 115 0.35
0.528175246482354 116 0.35
0.449535269651541 117 0.35
0.304165379091458 118 0.35
0.411682474843317 119 0.35
0.402528754229161 120 0.35
0.433588965021757 121 0.35
0.501927399251042 122 0.35
0.575514354429446 123 0.35
0.597675402763116 124 0.35
0.591263477514921 125 0.35
0.570595965787983 126 0.35
0.509133976047449 127 0.35
0.388276606144063 128 0.35
0.429225047836985 129 0.35
0.476351581485713 130 0.35
0.558572240130159 131 0.35
0.593436494431951 132 0.35
0.670801119210325 133 0.35
0.769844464216418 134 0.35
0.788822316594435 135 0.35
0.761908625743399 136 0.35
0.702833440030136 137 0.35
0.643895874071464 138 0.35
0.587355286967576 139 0.35
0.450680379741711 140 0.35
0.460718716839184 141 0.35
0.472062414133644 142 0.35
0.556157730598436 143 0.35
0.597297670834836 144 0.35
