0.469145926408641 1 0.35
0.502728935495263 2 0.35
0.491412085107227 3 0.35
0.531977942947748 4 0.35
0.565569006655555 5 0.35
0.553722907150495 6 0.35
0.420085295764712 7 0.35
0.288587881233282 8 0.35
0.350517770183901 9 0.35
0.340958747687528 10 0.35
0.362715342799732 11 0.35
0.396356693774275 12 0.35
0.430396936026178 13 0.35
0.507765360293809 14 0.35
0.533513964121864 15 0.35
0.573529092571345 16 0.35
0.547425414037167 17 0.35
0.560039781167206 18 0.35
0.502572701827653 19 0.35
0.501421359152224 20 0.35
0.459098586892309 21 0.35
0.47872737100807 22 0.35
0.621892847581227 23 0.35
0.687717990498321 24 0.35
0.663618591629194 25 0.35
0.60480142465122 26 0.35
0.687206828247104 27 0.35
0.686157438540192 28 0.35
0.623601228689988 29 0.35
0.665541538254778 30 0.35
0.61575577486685 31 0.35
0.636419420478703 32 0.35
0.607303324993187 33 0.35
0.627781107159925 34 0.35
0.672470647040932 35 0.35
0.599622486247974 36 0.35
0.554085827036367 37 0.35
0.67378712391268 38 0.35
0.629041135293811 39 0.35
0.608391521646566 40 0.35
0.64131827766581 41 0.35
0.606913542528962 42 0.35
0.622803099716969 43 0.35
0.55258564711439 44 0.35
0.598446791753093 45 0.35
0.62005989252973 46 0.35
0.619581840585275 47 0.35
0.643570920550399 48 0.35
0.693367696493357 49 0.35
0.719873290645719 50 0.35
0.754752545326873 51 0.35
0.690331542739911 52 0.35
0.743702072856229 53 0.35
0.706774270845845 54 0.35
0.687407881108028 55 0.35
0.600599094421671 56 0.35
0.609924371017468 57 0.35
0.677017181976993 58 0.35
0.745263117295096 59 0.35
0.676908670597565 60 0.35
0.575698590867867 61 0.35
0.561850175402845 62 0.35
0.562686295622158 63 0.35
0.566658853106311 64 0.35
0.550740333585518 65 0.35
0.538671075841402 66 0.35
0.467378753773413 67 0.35
0.516676980864611 68 0.35
0.514606735499308 69 0.35
0.516179767198627 70 0.35
0.574089458886945 71 0.35
0.597619664054947 72 0.35
0.732928548397016 73 0.35
0.732998714024206 74 0.35
0.773524162763139 75 0.35
0.728276341250553 76 0.35
0.741630450346683 77 0.35
0.674187551649434 78 0.35
0.673815556944921 79 0.35
0.7074044988829 80 0.35
0.629722971385055 81 0.35
0.593777893667504 82 0.35
0.61254115507645 83 0.35
0.612633591758347 84 0.35
0.700674240176968 85 0.35
0.743431877799049 86 0.35
0.810824587996112 87 0.35
0.802711681484927 88 0.35
0.802841523112283 89 0.35
0.757648461193759 90 0.35
0.650142079523244 91 0.35
0.605426621088502 92 0.35
0.571220455558413 93 0.35
0.615164502738588 94 0.35
0.611249490746564 95 0.35
0.607440135908673 96 0.35
0.652479391563543 97 0.35
0.693245233429377 98 0.35
0.733734773325582 99 0.35
0.779463370789204 100 0.35
0.634565097625465 101 0.35
0.545748468309222 102 0.35
0.548452097972197 103 0.35
0.497398996805425 104 0.35
0.492689355150307 105 0.35
0.627871794267754 106 0.35
0.685839858822397 107 0.35
0.718484525056687 108 0.35
0.755348888236276 109 0.35
0.7066405204993 110 0.35
0.732433978908291 111 0.35
0.708303237965939 112 0.35
0.703193185571953 113 0.35
0.635593458078931 114 0.35
0.568434517417914 115 0.35
0.63112752925522 116 0.35
0.602030632459218 117 0.35
0.566261201560176 118 0.35
0.601951512365567 119 0.35
0.616226520413312 120 0.35
0.687242382422429 121 0.35
0.647915602805817 122 0.35
0.736839007823631 123 0.35
0.74845534042124 124 0.35
0.761274728083196 125 0.35
0.698513570367673 126 0.35
0.611787446713442 127 0.35
0.596970401347074 128 0.35
0.622891299222555 129 0.35
0.629885541539752 130 0.35
0.655114979537388 131 0.35
0.695656850055422 132 0.35
0.774766708016673 133 0.35
0.749251325016669 134 0.35
0.751275727197822 135 0.35
0.753445679972078 136 0.35
0.685333650232828 137 0.35
0.589253499367448 138 0.35
0.588621107787095 139 0.35
0.488504288560054 140 0.35
0.479688399183439 141 0.35
0.552832305518906 142 0.35
0.528262868475923 143 0.35
0.771556395218533 144 0.35
