0.369381610584515 1 0.35
0.376115132164379 2 0.35
0.418485774834022 3 0.35
0.402581083036805 4 0.35
0.389714150060322 5 0.35
0.384022813251839 6 0.35
0.29864587570315 7 0.35
0.263768093078759 8 0.35
0.257010378561371 9 0.35
0.271023154681477 10 0.35
0.277088185586194 11 0.35
0.317347417435989 12 0.35
0.379730733986509 13 0.35
0.462093860100556 14 0.35
0.448632369318415 15 0.35
0.417067755785683 16 0.35
0.392100310651523 17 0.35
0.344193678225423 18 0.35
0.298626415946146 19 0.35
0.255834832521771 20 0.35
0.21858143565477 21 0.35
0.237172368296995 22 0.35
0.277527442417006 23 0.35
0.333759733092257 24 0.35
0.419169917071391 25 0.35
0.469777242458953 26 0.35
0.48421761522736 27 0.35
0.423802396082059 28 0.35
0.3590197796655 29 0.35
0.357954296239185 30 0.35
0.307350779990553 31 0.35
0.259033573767284 32 0.35
0.236307628170473 33 0.35
0.212589788399517 34 0.35
0.238764436912955 35 0.35
0.277913808507672 36 0.35
0.339171092057284 37 0.35
0.41159724748151 38 0.35
0.43145571616427 39 0.35
0.382264381415396 40 0.35
0.42321752901322 41 0.35
0.345577484946218 42 0.35
0.32827908511688 43 0.35
0.320994204875255 44 0.35
0.299231201590808 45 0.35
0.456050006869962 46 0.35
0.576594634329233 47 0.35
0.7115364538698 48 0.35
0.696810245934419 49 0.35
0.718955674599162 50 0.35
0.666105208997019 51 0.35
0.683417378513473 52 0.35
0.617803212217023 53 0.35
0.524759762872248 54 0.35
0.481958091634981 55 0.35
0.547846274631074 56 0.35
0.453178352146951 57 0.35
0.439682056012806 58 0.35
0.522055844287362 59 0.35
0.567408288640729 60 0.35
0.635927531098396 61 0.35
0.668671356623623 62 0.35
0.71640103650236 63 0.35
0.768677273302301 64 0.35
0.74391036506408 65 0.35
0.708980012080319 66 0.35
0.732313123280258 67 0.35
0.567918730719537 68 0.35
0.503228800231352 69 0.35
0.362188841296188 70 0.35
0.435508331493057 71 0.35
0.469695174555163 72 0.35
0.485000977203984 73 0.35
0.534940634807135 74 0.35
0.484279987285805 75 0.35
0.516487796041937 76 0.35
0.477751933965138 77 0.35
0.469032466675831 78 0.35
0.407365477912839 79 0.35
0.393267945751639 80 0.35
0.36223348027791 81 0.35
0.440382087080915 82 0.35
0.441335479739575 83 0.35
0.494084243123495 84 0.35
0.538057735222509 85 0.35
0.614911047874262 86 0.35
0.591135692533032 87 0.35
0.586161948059454 88 0.35
0.475926200525273 89 0.35
0.499287690845278 90 0.35
0.426504098911921 91 0.35
0.375048315252666 92 0.35
0.441919845514835 93 0.35
0.448965114057631 94 0.35
0.485401389802191 95 0.35
0.541702038130614 96 0.35
0.60220126751125 97 0.35
0.611125581161961 98 0.35
0.657788799604895 99 0.35
0.693123592845596 100 0.35
0.657009292903886 101 0.35
0.511829269014401 102 0.35
0.469233549252416 103 0.35
0.476314112695849 104 0.35
0.478810989039702 105 0.35
0.511886668525789 106 0.35
0.557774842209506 107 0.35
0.581802328481754 108 0.35
0.666632735475111 109 0.35
0.68800368365829 110 0.35
0.694000265066662 111 0.35
0.676025436996213 112 0.35
0.619550271191297 113 0.35
0.614749091024215 114 0.35
0.566183798279663 115 0.35
0.477781451675113 116 0.35
0.504436678139739 117 0.35
0.568475405565624 118 0.35
0.518908375074048 119 0.35
0.456457132793526 120 0.35
0.487198730883155 121 0.35
0.557228491700343 122 0.35
0.672837618938016 123 0.35
0.657305708588112 124 0.35
0.630461181895033 125 0.35
0.73285208959376 126 0.35
0.60339629708664 127 0.35
0.612211250283968 128 0.35
0.636624149782844 129 0.35
0.665342083196722 130 0.35
0.665325337884455 131 0.35
0.617712480017595 132 0.35
0.759278058634003 133 0.35
0.736390476554826 134 0.35
0.789348284014902 135 0.35
0.822375823155223 136 0.35
0.728962255620494 137 0.35
0.722692457055053 138 0.35
0.660806488322521 139 0.35
0.690398623317192 140 0.35
0.64575342780142 141 0.35
0.628575592353304 142 0.35
0.72064950893041 143 0.35
0.762540387815738 144 0.35
