0.689416575278775 1 0.35
0.751602207564154 2 0.35
0.723040313253681 3 0.35
0.778125925922535 4 0.35
0.7421653210401 5 0.35
0.718023711628983 6 0.35
0.643314550428123 7 0.35
0.605729927873086 8 0.35
0.547096309577918 9 0.35
0.592556893759926 10 0.35
0.615597397211015 11 0.35
0.658551533158373 12 0.35
0.806691470042371 13 0.35
0.665256218024733 14 0.35
0.68857798416554 15 0.35
0.713198905021177 16 0.35
0.609444742532332 17 0.35
0.546027921418514 18 0.35
0.459334396784976 19 0.35
0.435478331583743 20 0.35
0.359810709265368 21 0.35
0.418225376700672 22 0.35
0.458731912728311 23 0.35
0.571744105047065 24 0.35
0.622069026012289 25 0.35
0.619980872406265 26 0.35
0.677308634948548 27 0.35
0.607446762770994 28 0.35
0.623262559864864 29 0.35
0.619551484241407 30 0.35
0.569812570732439 31 0.35
0.560044013537096 32 0.35
0.439559003935162 33 0.35
0.565240249166297 34 0.35
0.514394544534426 35 0.35
0.693145856600337 36 0.35
0.788485558899541 37 0.35
0.822105756501116 38 0.35
0.732740474802337 39 0.35
0.711635375951327 40 0.35
0.731540483592329 41 0.35
0.784329408973444 42 0.35
0.711831335249226 43 0.35
0.660449572185324 44 0.35
0.565842688405822 45 0.35
0.585953367046411 46 0.35
0.622305256353027 47 0.35
0.685389939752934 48 0.35
0.771488438739145 49 0.35
0.684188768571488 50 0.35
0.731254529671473 51 0.35
0.745543262712623 52 0.35
0.758712355909501 53 0.35
0.765646155206004 54 0.35
0.737740645869184 55 0.35
0.614143721459462 56 0.35
0.610802996745379 57 0.35
0.573783053973285 58 0.35
0.553571009181663 59 0.35
0.561605280187116 60 0.35
0.59292500223604 61 0.35
0.678094564643407 62 0.35
0.67009019267224 63 0.35
0.668266435799092 64 0.35
0.643383748707484 65 0.35
0.516192615117825 66 0.35
0.498395821853434 67 0.35
0.521786549021195 68 0.35
0.428419164569831 69 0.35
0.338281774765813 70 0.35
0.375772161708959 71 0.35
0.380193376490676 72 0.35
0.513783758843566 73 0.35
0.503652980661282 74 0.35
0.503873061410295 75 0.35
0.473804056798411 76 0.35
0.5036143367293 77 0.35
0.468835759585866 78 0.35
0.379801998765771 79 0.35
0.416613755732797 80 0.35
0.47629736665491 81 0.35
0.510131073990337 82 0.35
0.620507084787846 83 0.35
0.663449210520897 84 0.35
0.710583079544406 85 0.35
0.750224239352328 86 0.35
0.698498879248083 87 0.35
0.694467597659641 88 0.35
0.80704625536721 89 0.35
0.616422611307236 90 0.35
0.584041505421174 91 0.35
0.544411556097139 92 0.35
0.479591828927896 93 0.35
0.487993658887549 94 0.35
0.622199539352571 95 0.35
0.629115427149542 96 0.35
0.651340107886 97 0.35
0.665727299115916 98 0.35
0.665045025044256 99 0.35
0.677229201471757 100 0.35
0.69316436637494 101 0.35
0.596433936713892 102 0.35
0.56725590122205 103 0.35
0.544065273116528 104 0.35
0.558489883766429 105 0.35
0.633411655980677 106 0.35
0.648551812158779 107 0.35
0.627460690606736 108 0.35
0.63132792714717 109 0.35
0.725722514261594 110 0.35
0.768172988404519 111 0.35
0.724932023170336 112 0.35
0.684893555992715 113 0.35
0.555377390339207 114 0.35
0.675285388830568 115 0.35
0.650451838655839 116 0.35
0.613207074870814 117 0.35
0.652087632370996 118 0.35
0.664728371237575 119 0.35
0.687043892021037 120 0.35
0.593120471660108 121 0.35
0.661500276805695 122 0.35
0.704641358228949 123 0.35
0.720390661621279 124 0.35
0.644650386695706 125 0.35
0.620680348098866 126 0.35
0.505201909276641 127 0.35
0.571622806588756 128 0.35
0.583236860417584 129 0.35
0.624966730054182 130 0.35
0.618469372315036 131 0.35
0.663490114645905 132 0.35
0.71323611416876 133 0.35
0.768522409698551 134 0.35
0.768223181703631 135 0.35
0.809516680297991 136 0.35
0.742290309154279 137 0.35
0.676041872155577 138 0.35
0.62728650457697 139 0.35
0.676159545791341 140 0.35
0.691157408389212 141 0.35
0.671222942120723 142 0.35
0.675686524613174 143 0.35
0.691502486212535 144 0.35
