0.568433986640502 1 0.35
0.717651329919557 2 0.35
0.688533880635808 3 0.35
0.660116680088115 4 0.35
0.571614816369525 5 0.35
0.535453987446158 6 0.35
0.729300663319072 7 0.35
0.665621760338401 8 0.35
0.542997097596836 9 0.35
0.514091272054828 10 0.35
0.57405704195291 11 0.35
0.59003657970161 12 0.35
0.640886256650068 13 0.35
0.650664986701523 14 0.35
0.60091519596819 15 0.35
0.619870190683896 16 0.35
0.603221094084182 17 0.35
0.586077798275937 18 0.35
0.506529483063954 19 0.35
0.529554415389532 20 0.35
0.50164527198255 21 0.35
0.545725037301196 22 0.35
0.550406753736246 23 0.35
0.535832110428768 24 0.35
0.597912769736885 25 0.35
0.663899424872875 26 0.35
0.704407622951546 27 0.35
0.716166665476293 28 0.35
0.665481423608709 29 0.35
0.713245067670877 30 0.35
0.688308211326384 31 0.35
0.644804649060026 32 0.35
0.575592670553149 33 0.35
0.611827503834103 34 0.35
0.745344028929665 35 0.35
0.716464290188278 36 0.35
0.631329010297558 37 0.35
0.672881785337518 38 0.35
0.687157199370452 39 0.35
0.631675670203818 40 0.35
0.545343459185123 41 0.35
0.532597077362695 42 0.35
0.396499665119761 43 0.35
0.34712134783266 44 0.35
0.248830265596769 45 0.35
0.23930756593555 46 0.35
0.291169102625105 47 0.35
0.369527994578494 48 0.35
0.411216550143265 49 0.35
0.51660783893441 50 0.35
0.625643277001713 51 0.35
0.628181847564312 52 0.35
0.585912859335566 53 0.35
0.663877641655985 54 0.35
0.628715087480328 55 0.35
0.50363460675489 56 0.35
0.570834591117533 57 0.35
0.592870375196373 58 0.35
0.599553653985573 59 0.35
0.624802526500748 60 0.35
0.676159065924185 61 0.35
0.721886147260568 62 0.35
0.772258124887794 63 0.35
0.691430092565371 64 0.35
0.612488709583612 65 0.35
0.666579493946696 66 0.35
0.587109843226422 67 0.35
0.574609835679195 68 0.35
0.499627927181053 69 0.35
0.612770521776253 70 0.35
0.716128574961183 71 0.35
0.677612093943923 72 0.35
0.687611090392047 73 0.35
0.688028707641386 74 0.35
0.605047198445897 75 0.35
0.613643924579879 76 0.35
0.622311406372682 77 0.35
0.606778269295334 78 0.35
0.537877344599758 79 0.35
0.504430065965859 80 0.35
0.504542362141543 81 0.35
0.497374170095048 82 0.35
0.396656123586927 83 0.35
0.465453863000003 84 0.35
0.497691322273565 85 0.35
0.523453686278316 86 0.35
0.521960912454583 87 0.35
0.48462427475527 88 0.35
0.493535783671124 89 0.35
0.445750480636797 90 0.35
0.39478845141929 91 0.35
0.381750386203908 92 0.35
0.451291230674786 93 0.35
0.504779216130813 94 0.35
0.501468571573883 95 0.35
0.561946132278698 96 0.35
0.644020318287651 97 0.35
0.670516319637909 98 0.35
0.745908571549728 99 0.35
0.7171660292738 100 0.35
0.693991576896488 101 0.35
0.751957047219956 102 0.35
0.665989997698704 103 0.35
0.607833189864914 104 0.35
0.571964527634278 105 0.35
0.592113286289055 106 0.35
0.536407209342971 107 0.35
0.619722480779457 108 0.35
0.60891583968741 109 0.35
0.661763047366942 110 0.35
0.641468537722401 111 0.35
0.660834852485577 112 0.35
0.631135771069944 113 0.35
0.621642454727018 114 0.35
0.445015341997846 115 0.35
0.489767055590225 116 0.35
0.4729395460834 117 0.35
0.407493285452565 118 0.35
0.471699794766151 119 0.35
0.588951462673295 120 0.35
0.599979672936729 121 0.35
0.54023128347902 122 0.35
0.568763284154958 123 0.35
0.606361136417939 124 0.35
0.556288239502067 125 0.35
0.513647781178415 126 0.35
0.656625765547097 127 0.35
0.567978957043657 128 0.35
0.542904986463622 129 0.35
0.624593540638714 130 0.35
0.58063255701265 131 0.35
0.609350933604893 132 0.35
0.78955197899385 133 0.35
0.812910599540952 134 0.35
0.778894031702878 135 0.35
0.686127767519247 136 0.35
0.597044631670642 137 0.35
0.580464332222049 138 0.35
0.58945436074076 139 0.35
0.605205663504986 140 0.35
0.580147644378409 141 0.35
0.55875275497841 142 0.35
0.589974736385079 143 0.35
0.541354635961531 144 0.35
