0.606132100805476 1 0.35
0.567722628614455 2 0.35
0.571557061501454 3 0.35
0.564796590260713 4 0.35
0.503314625414098 5 0.35
0.451416049804735 6 0.35
0.390452923358575 7 0.35
0.319442219365014 8 0.35
0.349288684241345 9 0.35
0.362278827718352 10 0.35
0.441556658053852 11 0.35
0.536728567672886 12 0.35
0.602392147328587 13 0.35
0.627943261465207 14 0.35
0.643339841265517 15 0.35
0.634997638055762 16 0.35
0.640668221181686 17 0.35
0.648174085245932 18 0.35
0.61106489569732 19 0.35
0.569635011985896 20 0.35
0.62602516950073 21 0.35
0.582803593050678 22 0.35
0.716235675388124 23 0.35
0.699835485777321 24 0.35
0.777362213707767 25 0.35
0.762026369729514 26 0.35
0.672298329241859 27 0.35
0.711689134653141 28 0.35
0.690463486087675 29 0.35
0.612967834008516 30 0.35
0.467740229594898 31 0.35
0.472968395381791 32 0.35
0.412023376764498 33 0.35
0.40617311737208 34 0.35
0.402213019470329 35 0.35
0.443999855914852 36 0.35
0.546824041355236 37 0.35
0.624509592753516 38 0.35
0.670862386678421 39 0.35
0.619660266816276 40 0.35
0.625304462296741 41 0.35
0.506711573110334 42 0.35
0.313537248291519 43 0.35
0.253772804232207 44 0.35
0.352097719612673 45 0.35
0.360156488019461 46 0.35
0.463253929022782 47 0.35
0.498666656618475 48 0.35
0.510790306562119 49 0.35
0.531298668341971 50 0.35
0.548996408338438 51 0.35
0.600020210024629 52 0.35
0.57562660341341 53 0.35
0.506237957433089 54 0.35
0.507125796768687 55 0.35
0.495322242566219 56 0.35
0.477676028577478 57 0.35
0.477778666484564 58 0.35
0.453560074656633 59 0.35
0.591415357011346 60 0.35
0.632613586686886 61 0.35
0.65063376229648 62 0.35
0.657127143765468 63 0.35
0.614459472175045 64 0.35
0.547904471801912 65 0.35
0.482958026648862 66 0.35
0.452330665412835 67 0.35
0.408831486583438 68 0.35
0.432431185017786 69 0.35
0.637621975711557 70 0.35
0.600614350935426 71 0.35
0.577182472284213 72 0.35
0.68129031077588 73 0.35
0.663960057845931 74 0.35
0.569489698335528 75 0.35
0.599221248227475 76 0.35
0.546886632649089 77 0.35
0.507544439772412 78 0.35
0.48679861525584 79 0.35
0.422098467407616 80 0.35
0.404992971683054 81 0.35
0.453396035641202 82 0.35
0.517419331562609 83 0.35
0.507212936494903 84 0.35
0.52369044390725 85 0.35
0.544259376262315 86 0.35
0.470613646082592 87 0.35
0.604552606614288 88 0.35
0.565000152738107 89 0.35
0.467619941024361 90 0.35
0.585833193224688 91 0.35
0.521688203558844 92 0.35
0.716802004793444 93 0.35
0.724711827233488 94 0.35
0.714863733492493 95 0.35
0.725632588294516 96 0.35
0.70888678563108 97 0.35
0.717418602541593 98 0.35
0.721426465280832 99 0.35
0.776396947466138 100 0.35
0.679538612709815 101 0.35
0.561330885203391 102 0.35
0.540128959373729 103 0.35
0.460964606543625 104 0.35
0.444174077851487 105 0.35
0.459811303078022 106 0.35
0.463219308433608 107 0.35
0.503272750583693 108 0.35
0.584271092710191 109 0.35
0.668888980880354 110 0.35
0.693496053035283 111 0.35
0.747007100151111 112 0.35
0.738258905044525 113 0.35
0.757293229887996 114 0.35
0.732348163848558 115 0.35
0.661799925208737 116 0.35
0.628848481269521 117 0.35
0.69122749354287 118 0.35
0.649504764455899 119 0.35
0.684502518048026 120 0.35
0.764945649649587 121 0.35
0.720572911151544 122 0.35
0.704535374946396 123 0.35
0.759727216576616 124 0.35
0.743796768481362 125 0.35
0.644371863037497 126 0.35
0.541416621940143 127 0.35
0.548067612376841 128 0.35
0.483796305460102 129 0.35
0.449744748897266 130 0.35
0.568785525442669 131 0.35
0.620123548524258 132 0.35
0.775180306907794 133 0.35
0.701419720335053 134 0.35
0.727706173989152 135 0.35
0.735874727549786 136 0.35
0.702174134845306 137 0.35
0.713821282814213 138 0.35
0.7168302607273 139 0.35
0.668942835347751 140 0.35
0.600763332790156 141 0.35
0.567992802870516 142 0.35
0.635012786039755 143 0.35
0.728950059032748 144 0.35
