0.613706083824183 1 0.35
0.672847638442998 2 0.35
0.693929962881049 3 0.35
0.703137901523814 4 0.35
0.698186181701568 5 0.35
0.731247467163971 6 0.35
0.70261713995988 7 0.35
0.541192211320198 8 0.35
0.522105469596579 9 0.35
0.564198636148749 10 0.35
0.67142334508003 11 0.35
0.681061813007543 12 0.35
0.747211034310701 13 0.35
0.711900413752366 14 0.35
0.688606317129912 15 0.35
0.702988178026423 16 0.35
0.685763311637979 17 0.35
0.648074380909216 18 0.35
0.595697712948104 19 0.35
0.619211907799911 20 0.35
0.610827876242108 21 0.35
0.621874145628367 22 0.35
0.687966237885331 23 0.35
0.66077326079832 24 0.35
0.639458906255964 25 0.35
0.636935187165568 26 0.35
0.643819184940997 27 0.35
0.633136538977156 28 0.35
0.550913330060291 29 0.35
0.454591777755488 30 0.35
0.410794233518177 31 0.35
0.372262761007839 32 0.35
0.37790039535861 33 0.35
0.406205258509141 34 0.35
0.450613822394006 35 0.35
0.597416459062412 36 0.35
0.806632155219317 37 0.35
0.794444033295089 38 0.35
0.749765159988963 39 0.35
0.700661887140357 40 0.35
0.725278811815432 41 0.35
0.69014489343902 42 0.35
0.629448767998526 43 0.35
0.551780623242551 44 0.35
0.537759139164152 45 0.35
0.509420449825387 46 0.35
0.557831007473783 47 0.35
0.598364471321327 48 0.35
0.687704643497866 49 0.35
0.672808902087354 50 0.35
0.699654804906054 51 0.35
0.725546854874431 52 0.35
0.688218563792038 53 0.35
0.6098825295607 54 0.35
0.55266800622113 55 0.35
0.528196667869276 56 0.35
0.522585660604214 57 0.35
0.467840428675456 58 0.35
0.575987494858698 59 0.35
0.543137303540219 60 0.35
0.603719050344288 61 0.35
0.652989859663852 62 0.35
0.66572239309521 63 0.35
0.569400087575808 64 0.35
0.639803887501851 65 0.35
0.57109441789868 66 0.35
0.600685683622054 67 0.35
0.493770891956082 68 0.35
0.692349604343815 69 0.35
0.673753826880803 70 0.35
0.660252828321725 71 0.35
0.601315501976641 72 0.35
0.616784006976396 73 0.35
0.671193880477986 74 0.35
0.706941581158005 75 0.35
0.70859644084408 76 0.35
0.735142946636687 77 0.35
0.764014228530372 78 0.35
0.692894120340569 79 0.35
0.721311119943756 80 0.35
0.593952640688996 81 0.35
0.579971743883621 82 0.35
0.541535172581787 83 0.35
0.626773394751699 84 0.35
0.679260155626664 85 0.35
0.624261596130313 86 0.35
0.594721144995114 87 0.35
0.540500520351009 88 0.35
0.515813643988612 89 0.35
0.469863645269754 90 0.35
0.38330925577617 91 0.35
0.349634336239264 92 0.35
0.355527046422601 93 0.35
0.436769340436588 94 0.35
0.488979492509306 95 0.35
0.528056098062649 96 0.35
0.586376720671446 97 0.35
0.625651833807172 98 0.35
0.621464271830217 99 0.35
0.606733200594611 100 0.35
0.536066963110538 101 0.35
0.596551347532267 102 0.35
0.605511601503674 103 0.35
0.562773636634078 104 0.35
0.474317813689256 105 0.35
0.499767691906432 106 0.35
0.549017732951104 107 0.35
0.52363326095051 108 0.35
0.633670656687384 109 0.35
0.564976076704841 110 0.35
0.562436761092192 111 0.35
0.56399329285925 112 0.35
0.524461016756578 113 0.35
0.494579601156354 114 0.35
0.418119051795189 115 0.35
0.375709303026618 116 0.35
0.399322621284048 117 0.35
0.359554894814778 118 0.35
0.394852839865082 119 0.35
0.497178249432134 120 0.35
0.565203743490109 121 0.35
0.585747470034922 122 0.35
0.594142236719627 123 0.35
0.582071698928751 124 0.35
0.582037251597744 125 0.35
0.549545206458507 126 0.35
0.44060800531548 127 0.35
0.375495980993229 128 0.35
0.366984467292087 129 0.35
0.383496980851534 130 0.35
0.49122380605285 131 0.35
0.535903504839965 132 0.35
0.645939555637098 133 0.35
0.689357129760108 134 0.35
0.750540112701856 135 0.35
0.681144113187799 136 0.35
0.705319761714071 137 0.35
0.656599210161495 138 0.35
0.505568661244237 139 0.35
0.472237278188869 140 0.35
0.435274362574544 141 0.35
0.32704714500567 142 0.35
0.439038449683491 143 0.35
0.557011333353998 144 0.35
