0.624963017304988 1 0.35
0.768356809900132 2 0.35
0.808570111834341 3 0.35
0.785003353857448 4 0.35
0.692345139025835 5 0.35
0.604050581049371 6 0.35
0.534625859235972 7 0.35
0.495294567991168 8 0.35
0.427018180191884 9 0.35
0.452212054330643 10 0.35
0.403665822626314 11 0.35
0.449407192525736 12 0.35
0.512563484007102 13 0.35
0.637538945256948 14 0.35
0.674279386775211 15 0.35
0.565780460592491 16 0.35
0.556912041483012 17 0.35
0.543597363658095 18 0.35
0.542070939111406 19 0.35
0.530089444010943 20 0.35
0.529502281778396 21 0.35
0.426378876281865 22 0.35
0.410097115797648 23 0.35
0.391100901650996 24 0.35
0.604961176219751 25 0.35
0.738711664182181 26 0.35
0.764018396968577 27 0.35
0.758106223927603 28 0.35
0.708016976569425 29 0.35
0.694781417429662 30 0.35
0.565125477891448 31 0.35
0.453940000677591 32 0.35
0.453264934413771 33 0.35
0.455700684222006 34 0.35
0.517718772191745 35 0.35
0.570486395930849 36 0.35
0.636987294081149 37 0.35
0.640173261932546 38 0.35
0.581446402047612 39 0.35
0.61457699838358 40 0.35
0.6003951496243 41 0.35
0.547133933175589 42 0.35
0.492305587692852 43 0.35
0.465063766254164 44 0.35
0.457469634698656 45 0.35
0.502762290718375 46 0.35
0.611568937259552 47 0.35
0.618597647339654 48 0.35
0.7345122643126 49 0.35
0.67124998881275 50 0.35
0.687970681662075 51 0.35
0.676524441130169 52 0.35
0.682123950438777 53 0.35
0.66008256972259 54 0.35
0.678683511125922 55 0.35
0.678146997063621 56 0.35
0.626635703856906 57 0.35
0.537149923726308 58 0.35
0.543764029970645 59 0.35
0.569747028954763 60 0.35
0.653623273878642 61 0.35
0.652570005292235 62 0.35
0.68801615135391 63 0.35
0.713152747842851 64 0.35
0.684586955433779 65 0.35
0.6222125621051 66 0.35
0.504127343881745 67 0.35
0.439674375132369 68 0.35
0.506327406707026 69 0.35
0.565742373517716 70 0.35
0.607001706636632 71 0.35
0.629043716385614 72 0.35
0.745603528236328 73 0.35
0.812946676135984 74 0.35
0.755394316672992 75 0.35
0.791277941174799 76 0.35
0.76835610983521 77 0.35
0.676104175359861 78 0.35
0.539013883274715 79 0.35
0.535253104694468 80 0.35
0.504796285335047 81 0.35
0.598674306266015 82 0.35
0.673269401138374 83 0.35
0.771495518903404 84 0.35
0.799984483098937 85 0.35
0.763115487585254 86 0.35
0.743709142510005 87 0.35
0.659024534616537 88 0.35
0.695598662011539 89 0.35
0.678933772535659 90 0.35
0.59867936224438 91 0.35
0.558662091427003 92 0.35
0.574434804935429 93 0.35
0.567333474479762 94 0.35
0.608470380148396 95 0.35
0.577367295921459 96 0.35
0.587604861146819 97 0.35
0.607513999889534 98 0.35
0.669672201304204 99 0.35
0.665466573343501 100 0.35
0.768976267118012 101 0.35
0.640095641623535 102 0.35
0.745773040340728 103 0.35
0.698382519016275 104 0.35
0.688719562649463 105 0.35
0.618565699891258 106 0.35
0.578210734050134 107 0.35
0.679704624661073 108 0.35
0.5635302441807 109 0.35
0.648906578133721 110 0.35
0.723099301289602 111 0.35
0.772611983028575 112 0.35
0.772341878660892 113 0.35
0.675636334788837 114 0.35
0.679415630657468 115 0.35
0.676873743155774 116 0.35
0.692469435706907 117 0.35
0.635169037000948 118 0.35
0.641873130735086 119 0.35
0.66931035093565 120 0.35
0.692566353606728 121 0.35
0.654050210420237 122 0.35
0.650030154202497 123 0.35
0.592115527574873 124 0.35
0.523523072766462 125 0.35
0.466990413276375 126 0.35
0.429049856575149 127 0.35
0.476937434316175 128 0.35
0.52196412276495 129 0.35
0.510713882256743 130 0.35
0.62936296088102 131 0.35
0.661713524182441 132 0.35
0.739271275999692 133 0.35
0.741892761188939 134 0.35
0.778232827111838 135 0.35
0.727251740100556 136 0.35
0.748355898451611 137 0.35
0.691579783910182 138 0.35
0.668579225970962 139 0.35
0.610455028696939 140 0.35
0.588159706106713 141 0.35
0.533430525708056 142 0.35
0.583329791803305 143 0.35
0.591806932300742 144 0.35
