0.744485981972757 1 0.35
0.822082898258853 2 0.35
0.827486796947302 3 0.35
0.809503352443158 4 0.35
0.807087351806808 5 0.35
0.784305610844864 6 0.35
0.685344380379151 7 0.35
0.667072351225427 8 0.35
0.589354595180543 9 0.35
0.618329352800961 10 0.35
0.588571854577276 11 0.35
0.610379310557472 12 0.35
0.683940768677171 13 0.35
0.768577559941293 14 0.35
0.726398522153086 15 0.35
0.760005854558333 16 0.35
0.699443294317865 17 0.35
0.648748013396259 18 0.35
0.557684098940578 19 0.35
0.492300725673666 20 0.35
0.530456024855471 21 0.35
0.560505262073395 22 0.35
0.50360635326829 23 0.35
0.584231924544475 24 0.35
0.55858424266179 25 0.35
0.465902635472683 26 0.35
0.456593280772155 27 0.35
0.375265080862997 28 0.35
0.374958790016349 29 0.35
0.377893762399488 30 0.35
0.320527934833014 31 0.35
0.31650623695359 32 0.35
0.302564622580969 33 0.35
0.23960757798519 34 0.35
0.315816198139587 35 0.35
0.367973269165576 36 0.35
0.426875044283654 37 0.35
0.445912095201267 38 0.35
0.523616969930145 39 0.35
0.52612170722624 40 0.35
0.494079869971255 41 0.35
0.479549174036066 42 0.35
0.464928832657439 43 0.35
0.483639726851547 44 0.35
0.510447419001328 45 0.35
0.516835330629788 46 0.35
0.628265108510295 47 0.35
0.603961828220648 48 0.35
0.5854586315968 49 0.35
0.632011654852433 50 0.35
0.70242885793196 51 0.35
0.644845843170697 52 0.35
0.603622944643739 53 0.35
0.614512141706646 54 0.35
0.550691644111838 55 0.35
0.491114541928134 56 0.35
0.436241032257336 57 0.35
0.442085798334055 58 0.35
0.423248155266199 59 0.35
0.561106796528923 60 0.35
0.603557320722254 61 0.35
0.688020316210428 62 0.35
0.682854541975235 63 0.35
0.745416498042888 64 0.35
0.719986679417262 65 0.35
0.723198920204044 66 0.35
0.634860083631277 67 0.35
0.607212433542873 68 0.35
0.604058970345229 69 0.35
0.511927529863217 70 0.35
0.577073752088978 71 0.35
0.595012666038274 72 0.35
0.627686293237069 73 0.35
0.678015808306829 74 0.35
0.643066878509116 75 0.35
0.64223867278759 76 0.35
0.672502953842562 77 0.35
0.706204069441436 78 0.35
0.695951202879617 79 0.35
0.601415135015412 80 0.35
0.509766989385882 81 0.35
0.498443112147871 82 0.35
0.618576431710328 83 0.35
0.705816070119462 84 0.35
0.663659885686862 85 0.35
0.720189080130008 86 0.35
0.71071135090058 87 0.35
0.68164485995159 88 0.35
0.669382091762548 89 0.35
0.659372629069779 90 0.35
0.600819713956136 91 0.35
0.604282445392591 92 0.35
0.658829196071093 93 0.35
0.595543392684014 94 0.35
0.636965986080631 95 0.35
0.659947092938364 96 0.35
0.721723799583543 97 0.35
0.662043609994683 98 0.35
0.643701123245669 99 0.35
0.691222039593913 100 0.35
0.707479447100083 101 0.35
0.640032645336412 102 0.35
0.594990715141126 103 0.35
0.660194684310867 104 0.35
0.599488844985688 105 0.35
0.570318683547888 106 0.35
0.584611079757323 107 0.35
0.64652892749098 108 0.35
0.722445841537057 109 0.35
0.718343399018161 110 0.35
0.800872978428131 111 0.35
0.649788292523648 112 0.35
0.653377630190695 113 0.35
0.543390983612063 114 0.35
0.567335097650674 115 0.35
0.596315695329432 116 0.35
0.609332320256033 117 0.35
0.559623243809998 118 0.35
0.562401894148592 119 0.35
0.705843210457793 120 0.35
0.803965358202451 121 0.35
0.822140995575379 122 0.35
0.62686754172321 123 0.35
0.67310025620565 124 0.35
0.581521021919753 125 0.35
0.554477645576796 126 0.35
0.531290235757712 127 0.35
0.508650256174946 128 0.35
0.429745082342488 129 0.35
0.434071989267859 130 0.35
0.559588534432476 131 0.35
0.771499791365356 132 0.35
0.661803537468035 133 0.35
0.73500726924614 134 0.35
0.688434355947557 135 0.35
0.717709867980067 136 0.35
0.648485358469536 137 0.35
0.624793275308573 138 0.35
0.678795594798027 139 0.35
0.541012158884879 140 0.35
0.538638274287835 141 0.35
0.539372941822572 142 0.35
0.463836513233818 143 0.35
0.482124111739991 144 0.35
