0.722996428451741 1 0.35
0.646189308301609 2 0.35
0.619229700803234 3 0.35
0.592995018819781 4 0.35
0.527565828307303 5 0.35
0.462110248220869 6 0.35
0.459632199903705 7 0.35
0.593153393671925 8 0.35
0.504998894801835 9 0.35
0.517291901972013 10 0.35
0.540041318232287 11 0.35
0.60580871479528 12 0.35
0.69571088688596 13 0.35
0.706900761367458 14 0.35
0.628325734620135 15 0.35
0.701183631514 16 0.35
0.645752097557269 17 0.35
0.667705756713065 18 0.35
0.565833893752812 19 0.35
0.533275277912155 20 0.35
0.641793832093017 21 0.35
0.641677516100883 22 0.35
0.656496085246799 23 0.35
0.623069139540005 24 0.35
0.722104194506744 25 0.35
0.756991894779438 26 0.35
0.720144898318835 27 0.35
0.663364702770674 28 0.35
0.668420772525475 29 0.35
0.71222705267828 30 0.35
0.613780424689607 31 0.35
0.580343569291742 32 0.35
0.545236428159893 33 0.35
0.607636601798715 34 0.35
0.516020967578652 35 0.35
0.551811486230888 36 0.35
0.623163103468737 37 0.35
0.615340317891543 38 0.35
0.61239626382276 39 0.35
0.638371964613754 40 0.35
0.658227714112776 41 0.35
0.682530554833544 42 0.35
0.617618269911538 43 0.35
0.488603676289795 44 0.35
0.503878842377471 45 0.35
0.590858107262423 46 0.35
0.662244561281211 47 0.35
0.716344274839721 48 0.35
0.806674492938767 49 0.35
0.754325020479332 50 0.35
0.746982368454938 51 0.35
0.781598806914576 52 0.35
0.80707242600724 53 0.35
0.738286148939765 54 0.35
0.63291199209728 55 0.35
0.485891994351176 56 0.35
0.442311660707137 57 0.35
0.459005696283579 58 0.35
0.479183878909715 59 0.35
0.512321146904433 60 0.35
0.622896418520599 61 0.35
0.642099197086414 62 0.35
0.69985719151823 63 0.35
0.649254569988364 64 0.35
0.57680528868502 65 0.35
0.502974319071373 66 0.35
0.533116517517582 67 0.35
0.454049527531543 68 0.35
0.451623576943436 69 0.35
0.450383758719216 70 0.35
0.43259795497242 71 0.35
0.447051271608007 72 0.35
0.48718598593282 73 0.35
0.487862646095724 74 0.35
0.579129303662316 75 0.35
0.568511375410878 76 0.35
0.587135153747959 77 0.35
0.503819636295385 78 0.35
0.508792022284197 79 0.35
0.431864092011417 80 0.35
0.383909818262048 81 0.35
0.400694245790123 82 0.35
0.512699681822237 83 0.35
0.563652783521485 84 0.35
0.570611239909169 85 0.35
0.630767064709076 86 0.35
0.686319687570471 87 0.35
0.685899769605356 88 0.35
0.674393712150248 89 0.35
0.579609636213872 90 0.35
0.451338730723835 91 0.35
0.397227816372174 92 0.35
0.512194625247663 93 0.35
0.524645047516758 94 0.35
0.535812666366896 95 0.35
0.604312409615131 96 0.35
0.615211329501519 97 0.35
0.602622037074522 98 0.35
0.65038036261388 99 0.35
0.63430657489832 100 0.35
0.601638589955035 101 0.35
0.641513024234269 102 0.35
0.617844457605006 103 0.35
0.55672870543799 104 0.35
0.51288964879874 105 0.35
0.585457819576088 106 0.35
0.60311169409677 107 0.35
0.634578876032621 108 0.35
0.668983273120797 109 0.35
0.658616279676896 110 0.35
0.657351633380892 111 0.35
0.65898823193074 112 0.35
0.702875221269035 113 0.35
0.603466630946051 114 0.35
0.560253516462581 115 0.35
0.470337034277513 116 0.35
0.463061175172411 117 0.35
0.43787416772459 118 0.35
0.482202679143524 119 0.35
0.535723626315429 120 0.35
0.539608571311848 121 0.35
0.570734736048326 122 0.35
0.649905923745969 123 0.35
0.64428242751733 124 0.35
0.630934816380224 125 0.35
0.536465047866565 126 0.35
0.500244429814305 127 0.35
0.460644297270851 128 0.35
0.43639607851964 129 0.35
0.422928988056014 130 0.35
0.42114467429241 131 0.35
0.510642721657084 132 0.35
0.546126649247808 133 0.35
0.641700501208511 134 0.35
0.730195116533322 135 0.35
0.781795706265071 136 0.35
0.564667581715047 137 0.35
0.517522658677341 138 0.35
0.474398825291698 139 0.35
0.483105823926472 140 0.35
0.571658950286628 141 0.35
0.536437947402735 142 0.35
0.449602232899429 143 0.35
0.377824104753051 144 0.35
