0.693983647353563 1 0.35
0.681426362953964 2 0.35
0.771384457038297 3 0.35
0.663598290743964 4 0.35
0.654276454056698 5 0.35
0.565704904113534 6 0.35
0.545424861545094 7 0.35
0.502083374633633 8 0.35
0.549044459332451 9 0.35
0.545524165352532 10 0.35
0.549319240429552 11 0.35
0.630303282533565 12 0.35
0.703128861422464 13 0.35
0.712985230681299 14 0.35
0.708129600628491 15 0.35
0.662603121349185 16 0.35
0.600869756346862 17 0.35
0.702049701086076 18 0.35
0.596916329587748 19 0.35
0.588383767556906 20 0.35
0.547525288348878 21 0.35
0.574026823378413 22 0.35
0.633445520568854 23 0.35
0.704700480477729 24 0.35
0.727656584045688 25 0.35
0.707422362960956 26 0.35
0.734471339967516 27 0.35
0.764906069048259 28 0.35
0.77426269222677 29 0.35
0.76515594758523 30 0.35
0.708496129406926 31 0.35
0.680878477018587 32 0.35
0.678803824261775 33 0.35
0.717331207718585 34 0.35
0.745370886803643 35 0.35
0.674818474769693 36 0.35
0.737059269753597 37 0.35
0.800321835938535 38 0.35
0.747595113413186 39 0.35
0.782868748134965 40 0.35
0.697698403824167 41 0.35
0.721744090343359 42 0.35
0.624579853053863 43 0.35
0.59890011408969 44 0.35
0.55577923064259 45 0.35
0.567049933544356 46 0.35
0.650614782936366 47 0.35
0.686902560340182 48 0.35
0.758431995722921 49 0.35
0.781170574593298 50 0.35
0.773312222465342 51 0.35
0.82230352762568 52 0.35
0.807091110730491 53 0.35
0.765519860021971 54 0.35
0.68972215262109 55 0.35
0.648205951340462 56 0.35
0.652373726399526 57 0.35
0.724572870335563 58 0.35
0.6391511001721 59 0.35
0.540718205484698 60 0.35
0.624761649855256 61 0.35
0.647762888828125 62 0.35
0.719273776064352 63 0.35
0.820128061235021 64 0.35
0.807147094717651 65 0.35
0.764036276686527 66 0.35
0.653360735258724 67 0.35
0.501666664099598 68 0.35
0.543932772193215 69 0.35
0.639218864747189 70 0.35
0.61895530338134 71 0.35
0.637411117432642 72 0.35
0.703388766458561 73 0.35
0.715532489858832 74 0.35
0.597987641836893 75 0.35
0.623902825647185 76 0.35
0.581879975624704 77 0.35
0.57484474035728 78 0.35
0.561228505565407 79 0.35
0.513328916207473 80 0.35
0.477087758032082 81 0.35
0.521873405956783 82 0.35
0.547098294288625 83 0.35
0.571546316822566 84 0.35
0.70096022042676 85 0.35
0.777973169298691 86 0.35
0.827575461295223 87 0.35
0.716003663875119 88 0.35
0.745621184119999 89 0.35
0.701521109278424 90 0.35
0.576348798885866 91 0.35
0.475657409556375 92 0.35
0.515632637286093 93 0.35
0.659572512886184 94 0.35
0.624097141279186 95 0.35
0.619930853977613 96 0.35
0.782223042396833 97 0.35
0.795049175963168 98 0.35
0.74527702678139 99 0.35
0.724566689471309 100 0.35
0.654467080605841 101 0.35
0.59582569415194 102 0.35
0.518311050018272 103 0.35
0.434184030911627 104 0.35
0.39210292064628 105 0.35
0.432861647367711 106 0.35
0.396892292182305 107 0.35
0.466547717190598 108 0.35
0.524420259131766 109 0.35
0.724554375066936 110 0.35
0.774310761452537 111 0.35
0.699787316242844 112 0.35
0.768828405207419 113 0.35
0.753839935978233 114 0.35
0.694005470554985 115 0.35
0.724918464494197 116 0.35
0.609366837540941 117 0.35
0.668985554814801 118 0.35
0.600490350954522 119 0.35
0.603997229834125 120 0.35
0.634937837488158 121 0.35
0.639035158975188 122 0.35
0.689782595392672 123 0.35
0.716933529707899 124 0.35
0.781366805889532 125 0.35
0.736075352670596 126 0.35
0.726686252131672 127 0.35
0.721020789539936 128 0.35
0.636715939158563 129 0.35
0.5889904474306 130 0.35
0.511280468876657 131 0.35
0.580122654026815 132 0.35
0.61826820448766 133 0.35
0.665470020401001 134 0.35
0.693664730207567 135 0.35
0.745390619514427 136 0.35
0.689819906761349 137 0.35
0.688545618962985 138 0.35
0.573945226867408 139 0.35
0.578280587670906 140 0.35
0.515075001139031 141 0.35
0.513101172525323 142 0.35
0.604701592704121 143 0.35
0.549882957397317 144 0.35
