0.661343049184728 1 0.35
0.660911735332216 2 0.35
0.756440400777548 3 0.35
0.746501412810794 4 0.35
0.651051244397417 5 0.35
0.578255176553333 6 0.35
0.531826013046589 7 0.35
0.514538988081255 8 0.35
0.476290967630437 9 0.35
0.523072934533738 10 0.35
0.589191111860943 11 0.35
0.619309821640244 12 0.35
0.708109003115281 13 0.35
0.667262993578014 14 0.35
0.679765564951316 15 0.35
0.617591074237841 16 0.35
0.607651503617196 17 0.35
0.564732175202908 18 0.35
0.496957206062129 19 0.35
0.491324778009423 20 0.35
0.484680358432352 21 0.35
0.515940386705007 22 0.35
0.523115514515356 23 0.35
0.581299834242295 24 0.35
0.624957736187492 25 0.35
0.745680257771721 26 0.35
0.783132968056789 27 0.35
0.786320495058235 28 0.35
0.772471240183915 29 0.35
0.719232412190429 30 0.35
0.614079489399883 31 0.35
0.558409665669512 32 0.35
0.611867542008777 33 0.35
0.576399321541164 34 0.35
0.600918659230266 35 0.35
0.699825831004159 36 0.35
0.703084531882835 37 0.35
0.692942733601552 38 0.35
0.727736686565651 39 0.35
0.796093630658388 40 0.35
0.783819137643007 41 0.35
0.784361694293916 42 0.35
0.715788103156115 43 0.35
0.657546583754045 44 0.35
0.646465278883805 45 0.35
0.654672663429291 46 0.35
0.690238061935887 47 0.35
0.679468058815246 48 0.35
0.69553245641211 49 0.35
0.732242437686846 50 0.35
0.782424733667977 51 0.35
0.786715825916141 52 0.35
0.673553155376846 53 0.35
0.5960145071147 54 0.35
0.508254674616647 55 0.35
0.608691662179925 56 0.35
0.593931932187358 57 0.35
0.680904679603812 58 0.35
0.698512338836563 59 0.35
0.696917938038869 60 0.35
0.722331867319792 61 0.35
0.750808031201277 62 0.35
0.796017503777279 63 0.35
0.82231279080094 64 0.35
0.807100760369739 65 0.35
0.666536167246149 66 0.35
0.67294564224069 67 0.35
0.529397952093868 68 0.35
0.507199163722524 69 0.35
0.496704591454385 70 0.35
0.639158507721124 71 0.35
0.635487386939278 72 0.35
0.613594883459693 73 0.35
0.517146710355559 74 0.35
0.499787273450507 75 0.35
0.471263059261979 76 0.35
0.43514411623034 77 0.35
0.454751436833763 78 0.35
0.388693032950232 79 0.35
0.417050766315898 80 0.35
0.416353259620894 81 0.35
0.474854485393277 82 0.35
0.495744315109337 83 0.35
0.580067723984746 84 0.35
0.592656267116115 85 0.35
0.637720364674275 86 0.35
0.631693029506723 87 0.35
0.64267564997968 88 0.35
0.633444065391636 89 0.35
0.525932707105669 90 0.35
0.535105734472581 91 0.35
0.475010278459481 92 0.35
0.483521402382872 93 0.35
0.474930813643364 94 0.35
0.418887359601513 95 0.35
0.501387785130968 96 0.35
0.572464206520912 97 0.35
0.578748938477711 98 0.35
0.605529328473897 99 0.35
0.582409845340041 100 0.35
0.629184582732066 101 0.35
0.707985141901808 102 0.35
0.645490336727271 103 0.35
0.586875946875592 104 0.35
0.642489654303779 105 0.35
0.596304800521749 106 0.35
0.537873069880479 107 0.35
0.598137885405692 108 0.35
0.522399699644699 109 0.35
0.577663678753102 110 0.35
0.615144637281059 111 0.35
0.600930476465554 112 0.35
0.54579550368002 113 0.35
0.482657632182522 114 0.35
0.425784425960679 115 0.35
0.434277341745804 116 0.35
0.452532472518054 117 0.35
0.441632802653638 118 0.35
0.488502732006716 119 0.35
0.539123004351667 120 0.35
0.562247529118 121 0.35
0.619156558621062 122 0.35
0.629513758789909 123 0.35
0.636181910626596 124 0.35
0.624472219088336 125 0.35
0.680533141875824 126 0.35
0.610111983373658 127 0.35
0.587256926358592 128 0.35
0.528655852757152 129 0.35
0.594593577560817 130 0.35
0.602787256371386 131 0.35
0.554882886761627 132 0.35
0.616511819722221 133 0.35
0.666334487632959 134 0.35
0.690782816346473 135 0.35
0.649095785494182 136 0.35
0.603784730781107 137 0.35
0.527996063832823 138 0.35
0.441035062375638 139 0.35
0.376811394274911 140 0.35
0.425899865570921 141 0.35
0.431369974654629 142 0.35
0.615682534940927 143 0.35
0.643737678915951 144 0.35
