0.692992195795547 1 0.35
0.658865329204694 2 0.35
0.637209649711056 3 0.35
0.628979630873415 4 0.35
0.632746136932636 5 0.35
0.629394995177176 6 0.35
0.573885520154244 7 0.35
0.64537382027972 8 0.35
0.600668772249768 9 0.35
0.724602783232958 10 0.35
0.712016394116513 11 0.35
0.643006502096259 12 0.35
0.748965870187238 13 0.35
0.751677105586133 14 0.35
0.744453565733803 15 0.35
0.784630627816705 16 0.35
0.752941886586131 17 0.35
0.616573140711612 18 0.35
0.654568843181495 19 0.35
0.611196158127559 20 0.35
0.567910691548444 21 0.35
0.63300361823198 22 0.35
0.711056558125195 23 0.35
0.74116252332966 24 0.35
0.780138023391989 25 0.35
0.774685378795005 26 0.35
0.743587913671974 27 0.35
0.702703213142325 28 0.35
0.627150464654501 29 0.35
0.68014373752766 30 0.35
0.691874784656182 31 0.35
0.724964213723348 32 0.35
0.599897530890338 33 0.35
0.589075166319675 34 0.35
0.664092227426798 35 0.35
0.650004610641809 36 0.35
0.606702652967123 37 0.35
0.589189625804702 38 0.35
0.586535026778913 39 0.35
0.60966368191524 40 0.35
0.617740358626126 41 0.35
0.586577922768506 42 0.35
0.627116258461013 43 0.35
0.507073308030441 44 0.35
0.599301714848511 45 0.35
0.605008939587056 46 0.35
0.644420388289578 47 0.35
0.676881723621301 48 0.35
0.669201937335948 49 0.35
0.644109082697505 50 0.35
0.613763300405078 51 0.35
0.550909191832263 52 0.35
0.464615697848357 53 0.35
0.483217939759668 54 0.35
0.414954543396925 55 0.35
0.442211490244305 56 0.35
0.505748757587948 57 0.35
0.480146799525583 58 0.35
0.494541628569361 59 0.35
0.464256266696289 60 0.35
0.505091188034659 61 0.35
0.519503502976413 62 0.35
0.532238721717916 63 0.35
0.540311957543381 64 0.35
0.464953317520285 65 0.35
0.415934683578055 66 0.35
0.344290895919251 67 0.35
0.272303245770397 68 0.35
0.296260481224284 69 0.35
0.267649880476482 70 0.35
0.286489634086526 71 0.35
0.342179348506798 72 0.35
0.395589994426365 73 0.35
0.423989710549143 74 0.35
0.529462474044439 75 0.35
0.53793561372992 76 0.35
0.596416646343473 77 0.35
0.53468302393738 78 0.35
0.583399662672427 79 0.35
0.469511426759265 80 0.35
0.560463114513722 81 0.35
0.573825338581347 82 0.35
0.652203928522234 83 0.35
0.638348445451544 84 0.35
0.66310998676558 85 0.35
0.686187153241513 86 0.35
0.760413690516748 87 0.35
0.723188618637056 88 0.35
0.719253245145769 89 0.35
0.757097190352439 90 0.35
0.745835899763267 91 0.35
0.724940918881726 92 0.35
0.671922307835788 93 0.35
0.683226643181593 94 0.35
0.675231575591768 95 0.35
0.771614835611859 96 0.35
0.737719194336049 97 0.35
0.744730010780654 98 0.35
0.808268735525631 99 0.35
0.73963315004005 100 0.35
0.69336239082715 101 0.35
0.592560647723563 102 0.35
0.47711101901899 103 0.35
0.477601478666251 104 0.35
0.433150697229629 105 0.35
0.405213851906071 106 0.35
0.451073718440913 107 0.35
0.456475374220902 108 0.35
0.502344692405472 109 0.35
0.553443560936721 110 0.35
0.574141682414926 111 0.35
0.569210380471066 112 0.35
0.566927067560873 113 0.35
0.527665200624187 114 0.35
0.492484259257258 115 0.35
0.529504718752004 116 0.35
0.557895772516631 117 0.35
0.61461637378378 118 0.35
0.595984910349386 119 0.35
0.508626392163293 120 0.35
0.620842351643798 121 0.35
0.602628675352732 122 0.35
0.712177162079185 123 0.35
0.767997010758004 124 0.35
0.752553177461614 125 0.35
0.724299932821877 126 0.35
0.650448591125114 127 0.35
0.652832175143342 128 0.35
0.646960478095412 129 0.35
0.623203841567521 130 0.35
0.734287506594229 131 0.35
0.74290249561938 132 0.35
0.778379533509345 133 0.35
0.694568552709271 134 0.35
0.589796325671827 135 0.35
0.574315159879774 136 0.35
0.489148034830578 137 0.35
0.500217870585896 138 0.35
0.326099807888661 139 0.35
0.331222599559491 140 0.35
0.297465746444332 141 0.35
0.262816400197253 142 0.35
0.328925642697351 143 0.35
0.360284367210717 144 0.35
