0.674303306357383 1 0.35
0.746182516555933 2 0.35
0.715816969196623 3 0.35
0.753177526433095 4 0.35
0.807025398885709 5 0.35
0.784405298773568 6 0.35
0.634287510042455 7 0.35
0.645308079796591 8 0.35
0.595685057203488 9 0.35
0.623737022828855 10 0.35
0.626449597292747 11 0.35
0.659584965996307 12 0.35
0.766939197157027 13 0.35
0.82209576212203 14 0.35
0.827620913834288 15 0.35
0.695495554053815 16 0.35
0.736241307582939 17 0.35
0.655465332003573 18 0.35
0.609711094418945 19 0.35
0.548091665553454 20 0.35
0.4948134355414 21 0.35
0.53360196744463 22 0.35
0.584515151336698 23 0.35
0.596909626654403 24 0.35
0.66028338208022 25 0.35
0.727833757362935 26 0.35
0.702840228684686 27 0.35
0.731897536510892 28 0.35
0.764372173078677 29 0.35
0.744598882936703 30 0.35
0.658332292287791 31 0.35
0.588665790168894 32 0.35
0.473800140263423 33 0.35
0.607697462937129 34 0.35
0.544784045968526 35 0.35
0.619885961774287 36 0.35
0.706653642854277 37 0.35
0.699814976807664 38 0.35
0.615541803477353 39 0.35
0.602646633892499 40 0.35
0.609368012019405 41 0.35
0.688937769972415 42 0.35
0.613721057555861 43 0.35
0.557616016904408 44 0.35
0.66958137291183 45 0.35
0.702114414217002 46 0.35
0.731521213403052 47 0.35
0.589180311222311 48 0.35
0.66866919622294 49 0.35
0.655579008844886 50 0.35
0.675760295803099 51 0.35
0.686312513884949 52 0.35
0.666962414654496 53 0.35
0.602906966454781 54 0.35
0.588654468009469 55 0.35
0.596993378459747 56 0.35
0.586140760907976 57 0.35
0.607934329639714 58 0.35
0.68909736701432 59 0.35
0.722955662281877 60 0.35
0.687999994056143 61 0.35
0.724738213227822 62 0.35
0.690120110806619 63 0.35
0.706247711301774 64 0.35
0.676861398969002 65 0.35
0.666541941106553 66 0.35
0.625701172479052 67 0.35
0.60563647823273 68 0.35
0.581772453693054 69 0.35
0.53306973530634 70 0.35
0.517669395581768 71 0.35
0.597102917018751 72 0.35
0.612989903194337 73 0.35
0.661199265506741 74 0.35
0.658738375931653 75 0.35
0.707212521943764 76 0.35
0.69188519831865 77 0.35
0.658394570866303 78 0.35
0.733937936035884 79 0.35
0.623920692399533 80 0.35
0.605813967497025 81 0.35
0.598132238213723 82 0.35
0.622197945240325 83 0.35
0.678642917713097 84 0.35
0.703326260755976 85 0.35
0.766761896930181 86 0.35
0.788109707852442 87 0.35
0.82242706122753 88 0.35
0.807159714825831 89 0.35
0.784271451143318 90 0.35
0.67193172627799 91 0.35
0.622978197005765 92 0.35
0.588551075935639 93 0.35
0.609377675068085 94 0.35
0.62084457052979 95 0.35
0.562079342578764 96 0.35
0.566567580375149 97 0.35
0.569182963944067 98 0.35
0.520786110156317 99 0.35
0.528104298544132 100 0.35
0.448379285304411 101 0.35
0.427097044500709 102 0.35
0.404232364181348 103 0.35
0.401742635558862 104 0.35
0.498972136308567 105 0.35
0.533602928635482 106 0.35
0.513241420275854 107 0.35
0.524391725642693 108 0.35
0.522169114786377 109 0.35
0.580071091387377 110 0.35
0.608141398902441 111 0.35
0.596629721835895 112 0.35
0.537621015259752 113 0.35
0.480802316526642 114 0.35
0.474277091172082 115 0.35
0.471171953417807 116 0.35
0.493662100907774 117 0.35
0.453854479683727 118 0.35
0.430262927771602 119 0.35
0.513469949852385 120 0.35
0.573230275589848 121 0.35
0.682518834962708 122 0.35
0.708811394872613 123 0.35
0.68705006268152 124 0.35
0.673896189973563 125 0.35
0.646407672011713 126 0.35
0.517630255093666 127 0.35
0.395219541855422 128 0.35
0.428287765394963 129 0.35
0.372895176640139 130 0.35
0.412591568038424 131 0.35
0.493733466889249 132 0.35
0.572752839524569 133 0.35
0.738176509882729 134 0.35
0.753783566769963 135 0.35
0.741103146145767 136 0.35
0.720924435604238 137 0.35
0.771288081004858 138 0.35
0.745798940760253 139 0.35
0.72487404995811 140 0.35
0.610473437371277 141 0.35
0.580023354461583 142 0.35
0.568657474212288 143 0.35
0.565604758110528 144 0.35
