0.626600932979433 1 0.35
0.656545624922368 2 0.35
0.555825816882406 3 0.35
0.55799646367971 4 0.35
0.641773629451965 5 0.35
0.576237341557704 6 0.35
0.499887464967097 7 0.35
0.533765154001443 8 0.35
0.618517392129106 9 0.35
0.625991348433599 10 0.35
0.622618514367113 11 0.35
0.694609450486255 12 0.35
0.719299745727223 13 0.35
0.822108111374646 14 0.35
0.811679615922133 15 0.35
0.804345395022996 16 0.35
0.807134744826134 17 0.35
0.674276285577874 18 0.35
0.618170877477324 19 0.35
0.639509937595928 20 0.35
0.530153699426882 21 0.35
0.594803657712027 22 0.35
0.621493406443668 23 0.35
0.718256755318065 24 0.35
0.806611616210012 25 0.35
0.822111534542843 26 0.35
0.799888461810663 27 0.35
0.800268001289192 28 0.35
0.807074527873053 29 0.35
0.784321724978552 30 0.35
0.581159290114395 31 0.35
0.476873556825835 32 0.35
0.504568313605231 33 0.35
0.518118905852818 34 0.35
0.569401823446616 35 0.35
0.517505833660367 36 0.35
0.532532231799079 37 0.35
0.571510066224033 38 0.35
0.581729019468592 39 0.35
0.573774770438259 40 0.35
0.540813648898895 41 0.35
0.512372793054123 42 0.35
0.523800483263774 43 0.35
0.481167394861724 44 0.35
0.51671285119737 45 0.35
0.572471225650734 46 0.35
0.559044094048015 47 0.35
0.565205585913818 48 0.35
0.598819324434429 49 0.35
0.629080143100046 50 0.35
0.584402388086523 51 0.35
0.606128728478592 52 0.35
0.575382783910019 53 0.35
0.658013562222418 54 0.35
0.699289791745346 55 0.35
0.710754075420101 56 0.35
0.677613643025241 57 0.35
0.598077311832846 58 0.35
0.606028585260307 59 0.35
0.604747781008772 60 0.35
0.596358366241089 61 0.35
0.627461722315937 62 0.35
0.717985812447929 63 0.35
0.686822667199119 64 0.35
0.64363091556782 65 0.35
0.619478828034997 66 0.35
0.537623131915817 67 0.35
0.545551243517337 68 0.35
0.553911310189759 69 0.35
0.61983226943148 70 0.35
0.589086897175328 71 0.35
0.578713497371683 72 0.35
0.592360072079591 73 0.35
0.744057156851885 74 0.35
0.75952833563793 75 0.35
0.685982682710356 76 0.35
0.644668811409939 77 0.35
0.632043172917031 78 0.35
0.588653898701668 79 0.35
0.527653230663317 80 0.35
0.507321849122746 81 0.35
0.540863730560809 82 0.35
0.553901415628891 83 0.35
0.582544944238146 84 0.35
0.569461090573713 85 0.35
0.570631854942912 86 0.35
0.615745555948369 87 0.35
0.614568919662133 88 0.35
0.555110249923472 89 0.35
0.485878597486791 90 0.35
0.460495623002091 91 0.35
0.388959162212312 92 0.35
0.320971015021746 93 0.35
0.254038182514098 94 0.35
0.239413097483368 95 0.35
0.302385564404909 96 0.35
0.329310309583843 97 0.35
0.429155183081861 98 0.35
0.465949437672031 99 0.35
0.441386703209096 100 0.35
0.428399099890646 101 0.35
0.406271153111706 102 0.35
0.347083193069263 103 0.35
0.324684150973671 104 0.35
0.342404894638923 105 0.35
0.462893301707701 106 0.35
0.48745080843393 107 0.35
0.445000963264062 108 0.35
0.544737311309707 109 0.35
0.557364994553287 110 0.35
0.588458278970909 111 0.35
0.575926152627587 112 0.35
0.548416230774104 113 0.35
0.384401200447065 114 0.35
0.353238018299774 115 0.35
0.327047115698977 116 0.35
0.298013487956788 117 0.35
0.31276464437452 118 0.35
0.388263959340438 119 0.35
0.466520332817799 120 0.35
0.567719405492813 121 0.35
0.642965754217182 122 0.35
0.602619924223722 123 0.35
0.621171028820478 124 0.35
0.699037781172772 125 0.35
0.735820208357173 126 0.35
0.633808543973687 127 0.35
0.624385502141387 128 0.35
0.564027342875795 129 0.35
0.589691020762088 130 0.35
0.63847556040451 131 0.35
0.630333427689995 132 0.35
0.623769775671292 133 0.35
0.68307924536977 134 0.35
0.739658916201376 135 0.35
0.740084917727091 136 0.35
0.713472972968074 137 0.35
0.591354710756261 138 0.35
0.531301367862596 139 0.35
0.455779912509203 140 0.35
0.502027636196906 141 0.35
0.362233855041458 142 0.35
0.469495812725405 143 0.35
0.558073179020976 144 0.35
