0.600993256232596 1 0.35
0.615710250549374 2 0.35
0.604423863449909 3 0.35
0.618658163821797 4 0.35
0.617514252209348 5 0.35
0.578837790503032 6 0.35
0.578072442059848 7 0.35
0.655513159096887 8 0.35
0.61894777855017 9 0.35
0.606580494215089 10 0.35
0.6945573026991 11 0.35
0.758589120590668 12 0.35
0.78508682477644 13 0.35
0.772692970812641 14 0.35
0.697507004532887 15 0.35
0.76982608459831 16 0.35
0.760202618710142 17 0.35
0.733010202404194 18 0.35
0.646784643697701 19 0.35
0.571759620042091 20 0.35
0.667047478200036 21 0.35
0.624416090206393 22 0.35
0.596363757812907 23 0.35
0.610213320938078 24 0.35
0.601342543303916 25 0.35
0.614360153967733 26 0.35
0.657378822475811 27 0.35
0.641347859905263 28 0.35
0.681676604153723 29 0.35
0.692138393238218 30 0.35
0.682879960020865 31 0.35
0.698454778059071 32 0.35
0.716897544633333 33 0.35
0.531139131475807 34 0.35
0.585083235927522 35 0.35
0.65837501324633 36 0.35
0.628715247687228 37 0.35
0.635304163011402 38 0.35
0.736651799421111 39 0.35
0.703091609858878 40 0.35
0.71294511127688 41 0.35
0.683557248976671 42 0.35
0.726054824014195 43 0.35
0.662756168410436 44 0.35
0.460871951157643 45 0.35
0.539706439834942 46 0.35
0.591302112068913 47 0.35
0.6093593553822 48 0.35
0.635265175986087 49 0.35
0.648091317889759 50 0.35
0.602628126617681 51 0.35
0.610172185148155 52 0.35
0.687895682692865 53 0.35
0.676207911233475 54 0.35
0.553594666181183 55 0.35
0.505577738658901 56 0.35
0.563502638489229 57 0.35
0.661897244344096 58 0.35
0.606819017694403 59 0.35
0.680362530805772 60 0.35
0.69408584645465 61 0.35
0.822186786979879 62 0.35
0.777675666321681 63 0.35
0.69537324008771 64 0.35
0.760444781835097 65 0.35
0.697097166972892 66 0.35
0.676816549561612 67 0.35
0.589471035852335 68 0.35
0.478467502754695 69 0.35
0.458516933712306 70 0.35
0.48423338497313 71 0.35
0.559539581114396 72 0.35
0.510674623542145 73 0.35
0.528984911056909 74 0.35
0.578693001276657 75 0.35
0.605274743653658 76 0.35
0.646231485632842 77 0.35
0.599603086360054 78 0.35
0.533393186730787 79 0.35
0.458260001955609 80 0.35
0.510595489956913 81 0.35
0.473514043711322 82 0.35
0.595219038393105 83 0.35
0.586050419376843 84 0.35
0.630196765378646 85 0.35
0.676919406358337 86 0.35
0.69756029019186 87 0.35
0.670470294099695 88 0.35
0.69836462363776 89 0.35
0.729714284073896 90 0.35
0.625850158190859 91 0.35
0.541768311513005 92 0.35
0.557677809200664 93 0.35
0.636236958741885 94 0.35
0.745284484905223 95 0.35
0.745542580142545 96 0.35
0.782174669752878 97 0.35
0.822142993264939 98 0.35
0.776613371403165 99 0.35
0.797376185464132 100 0.35
0.764013908014415 101 0.35
0.658881623368337 102 0.35
0.594417934347032 103 0.35
0.581919062893355 104 0.35
0.634177243031623 105 0.35
0.593313534637376 106 0.35
0.614402361253604 107 0.35
0.700654712325888 108 0.35
0.755904799988697 109 0.35
0.761106722023198 110 0.35
0.781813286460256 111 0.35
0.737006246051812 112 0.35
0.744174929290364 113 0.35
0.672839597330774 114 0.35
0.666474259117081 115 0.35
0.709298057986673 116 0.35
0.684946480106356 117 0.35
0.533687684695038 118 0.35
0.559076230858349 119 0.35
0.567940567950201 120 0.35
0.703092262824798 121 0.35
0.72938204351653 122 0.35
0.713331711455283 123 0.35
0.634116562899503 124 0.35
0.679318590640719 125 0.35
0.530260919667035 126 0.35
0.516482983451149 127 0.35
0.566177324174969 128 0.35
0.557188883325861 129 0.35
0.685075405050451 130 0.35
0.69561894483433 131 0.35
0.766951721808947 132 0.35
0.750691976751318 133 0.35
0.780636116105401 134 0.35
0.744128448013212 135 0.35
0.76534851693458 136 0.35
0.722744818267325 137 0.35
0.592629443715552 138 0.35
0.602028842617472 139 0.35
0.551288711519237 140 0.35
0.600748921963997 141 0.35
0.567890317402119 142 0.35
0.704000101659715 143 0.35
0.680805465972069 144 0.35
