0.648494764713035 1 0.35
0.659914877200639 2 0.35
0.785410821894182 3 0.35
0.715060556054409 4 0.35
0.647352156370851 5 0.35
0.597093181724311 6 0.35
0.515104396028801 7 0.35
0.458373342893489 8 0.35
0.478963927010373 9 0.35
0.457307763329748 10 0.35
0.498099359057893 11 0.35
0.495991106069577 12 0.35
0.539239361738615 13 0.35
0.53573168293287 14 0.35
0.595755828159181 15 0.35
0.56257654981781 16 0.35
0.54767400080999 17 0.35
0.484854304639291 18 0.35
0.616308829114866 19 0.35
0.604248804061217 20 0.35
0.692164541522726 21 0.35
0.672346962901761 22 0.35
0.721694940492157 23 0.35
0.657535988197667 24 0.35
0.653318290983255 25 0.35
0.719755898258001 26 0.35
0.774010398857374 27 0.35
0.789327753727927 28 0.35
0.717072875929411 29 0.35
0.722740494850699 30 0.35
0.677559156563138 31 0.35
0.724989670683991 32 0.35
0.642432693726395 33 0.35
0.63017095022064 34 0.35
0.669637834711863 35 0.35
0.689489526862535 36 0.35
0.785280550011379 37 0.35
0.822114361496819 38 0.35
0.671537939941997 39 0.35
0.642015674375138 40 0.35
0.620304009430811 41 0.35
0.629171471862364 42 0.35
0.571087842979052 43 0.35
0.625152459838879 44 0.35
0.514908458546437 45 0.35
0.503064284027261 46 0.35
0.515743756839554 47 0.35
0.584489715460591 48 0.35
0.611608222105074 49 0.35
0.669793610333609 50 0.35
0.628394887001436 51 0.35
0.656896360054491 52 0.35
0.603007019595437 53 0.35
0.557101398399838 54 0.35
0.641313084366495 55 0.35
0.661673136674663 56 0.35
0.653758634406862 57 0.35
0.66262909506969 58 0.35
0.658597633086138 59 0.35
0.626750153421692 60 0.35
0.618145096921346 61 0.35
0.761282226774247 62 0.35
0.803020762188005 63 0.35
0.714320757424709 64 0.35
0.681136808751287 65 0.35
0.683760388329852 66 0.35
0.65380213961636 67 0.35
0.590841862127913 68 0.35
0.598537273655109 69 0.35
0.588225673779684 70 0.35
0.58826754896907 71 0.35
0.695864640020452 72 0.35
0.70333658334111 73 0.35
0.696019378953991 74 0.35
0.688148987526143 75 0.35
0.622900097910497 76 0.35
0.603492036475577 77 0.35
0.403885371433068 78 0.35
0.394661193858678 79 0.35
0.370077729667266 80 0.35
0.328100289367515 81 0.35
0.260394812405447 82 0.35
0.287004631286006 83 0.35
0.39664959541796 84 0.35
0.518575069524926 85 0.35
0.656810720169319 86 0.35
0.67112451750533 87 0.35
0.670276088643881 88 0.35
0.641732478785466 89 0.35
0.588450369402062 90 0.35
0.562266664779292 91 0.35
0.552157737837872 92 0.35
0.557777888070982 93 0.35
0.550131839898978 94 0.35
0.67592939879119 95 0.35
0.741236920546692 96 0.35
0.7976719870236 97 0.35
0.755664049678191 98 0.35
0.707923741956985 99 0.35
0.757732762143927 100 0.35
0.772164465572419 101 0.35
0.740910030084902 102 0.35
0.706549926436267 103 0.35
0.654095279108102 104 0.35
0.697403612495967 105 0.35
0.717212196561384 106 0.35
0.745215520243561 107 0.35
0.644150163036508 108 0.35
0.713004664398813 109 0.35
0.650234681121228 110 0.35
0.694356535496125 111 0.35
0.72103949997029 112 0.35
0.728172957283894 113 0.35
0.623324329755344 114 0.35
0.530894522917763 115 0.35
0.401569458225388 116 0.35
0.416815461410901 117 0.35
0.473593654518193 118 0.35
0.443198550215469 119 0.35
0.497192175474308 120 0.35
0.566835287288771 121 0.35
0.661602067094505 122 0.35
0.657345474074384 123 0.35
0.670827057734768 124 0.35
0.651755092850168 125 0.35
0.614510337414609 126 0.35
0.615676971923146 127 0.35
0.627248716236241 128 0.35
0.603755546874821 129 0.35
0.564615325739371 130 0.35
0.629075363484665 131 0.35
0.642228274090819 132 0.35
0.685971338566736 133 0.35
0.683139657444029 134 0.35
0.680310286204498 135 0.35
0.629658378765058 136 0.35
0.636208949596515 137 0.35
0.607210225985249 138 0.35
0.533071984922317 139 0.35
0.487888539803908 140 0.35
0.483535169833078 141 0.35
0.482067328018022 142 0.35
0.52414304490088 143 0.35
0.630769995340334 144 0.35
