0.470728437469161 1 0.35
0.530744365814621 2 0.35
0.610022389115995 3 0.35
0.582462776684104 4 0.35
0.555739426052844 5 0.35
0.64261969926213 6 0.35
0.604831594153055 7 0.35
0.687143351556068 8 0.35
0.678195248727505 9 0.35
0.640754457164102 10 0.35
0.661912204511934 11 0.35
0.744138073587517 12 0.35
0.794078388564289 13 0.35
0.822105762237271 14 0.35
0.805952444679321 15 0.35
0.753695423420442 16 0.35
0.690875476524836 17 0.35
0.580399294042548 18 0.35
0.4917235795974 19 0.35
0.430333981245371 20 0.35
0.41454555707389 21 0.35
0.488970237364439 22 0.35
0.605452596186867 23 0.35
0.672636157802312 24 0.35
0.613683898334576 25 0.35
0.6576242018138 26 0.35
0.695511313883154 27 0.35
0.635056107443643 28 0.35
0.615496112808933 29 0.35
0.482604349891334 30 0.35
0.430090123608218 31 0.35
0.399939377063093 32 0.35
0.455537867021118 33 0.35
0.361568881615281 34 0.35
0.495157204853948 35 0.35
0.572140196764106 36 0.35
0.639780204199077 37 0.35
0.624450264020225 38 0.35
0.708802113592085 39 0.35
0.671585093946156 40 0.35
0.657682923408345 41 0.35
0.604115109297098 42 0.35
0.596787011912131 43 0.35
0.63823696407923 44 0.35
0.561319149958098 45 0.35
0.620882232586109 46 0.35
0.699035187982094 47 0.35
0.76559847669266 48 0.35
0.806714723698245 49 0.35
0.77438673330459 50 0.35
0.773006798421623 51 0.35
0.822341885010823 52 0.35
0.624222844940762 53 0.35
0.656433865712321 54 0.35
0.659006730871405 55 0.35
0.591916518262782 56 0.35
0.521319852491474 57 0.35
0.522337142902631 58 0.35
0.593903387409187 59 0.35
0.691062817833772 60 0.35
0.717899609418488 61 0.35
0.689837490460078 62 0.35
0.708329543767524 63 0.35
0.725238691260192 64 0.35
0.634409583517448 65 0.35
0.556204121726494 66 0.35
0.548833912999868 67 0.35
0.56181006230747 68 0.35
0.56321445015792 69 0.35
0.571866194187482 70 0.35
0.571892609240284 71 0.35
0.531224160261003 72 0.35
0.557972866629898 73 0.35
0.576798669012254 74 0.35
0.636127265607249 75 0.35
0.682891345421478 76 0.35
0.64283435715008 77 0.35
0.647694341261533 78 0.35
0.577315180775284 79 0.35
0.444072221998057 80 0.35
0.502086341463744 81 0.35
0.531999032635035 82 0.35
0.537152354870787 83 0.35
0.522179716895846 84 0.35
0.659424860750425 85 0.35
0.641437917954835 86 0.35
0.692719774774508 87 0.35
0.737148099845214 88 0.35
0.712137037091989 89 0.35
0.623714322618263 90 0.35
0.631079991678049 91 0.35
0.623056663191167 92 0.35
0.637597356107682 93 0.35
0.702855015395229 94 0.35
0.630750192042837 95 0.35
0.710442604723534 96 0.35
0.675728664101796 97 0.35
0.695410505938284 98 0.35
0.68197834733504 99 0.35
0.665959493050634 100 0.35
0.61729620772955 101 0.35
0.574408920038714 102 0.35
0.588726527509241 103 0.35
0.556565440513357 104 0.35
0.611715962283902 105 0.35
0.584007249166049 106 0.35
0.634394148148508 107 0.35
0.771476399131488 108 0.35
0.806665632599922 109 0.35
0.802273654332139 110 0.35
0.729900243240956 111 0.35
0.75519674607596 112 0.35
0.741790493364316 113 0.35
0.697408420665976 114 0.35
0.623675019820463 115 0.35
0.496087496130144 116 0.35
0.484393943140396 117 0.35
0.506172228159165 118 0.35
0.620656701803112 119 0.35
0.688507758567355 120 0.35
0.749008865096653 121 0.35
0.795461907285145 122 0.35
0.761898425427346 123 0.35
0.71486477168489 124 0.35
0.690939022698752 125 0.35
0.697746975379787 126 0.35
0.637650984183665 127 0.35
0.636633252876945 128 0.35
0.625272589704377 129 0.35
0.662901909724636 130 0.35
0.642822359139398 131 0.35
0.660802849334049 132 0.35
0.686049695589898 133 0.35
0.662921380570084 134 0.35
0.6777596214095 135 0.35
0.738133266376496 136 0.35
0.719592381626883 137 0.35
0.631636221637426 138 0.35
0.57825092590452 139 0.35
0.562301008397421 140 0.35
0.622045639959797 141 0.35
0.701787473650019 142 0.35
0.6726134112195 143 0.35
0.630881680010936 144 0.35
