0.545519647873405 1 0.35
0.54520608080074 2 0.35
0.582888948104326 3 0.35
0.59866620868297 4 0.35
0.596990095334513 5 0.35
0.541580367570703 6 0.35
0.518667554676225 7 0.35
0.440647871492546 8 0.35
0.391136966395396 9 0.35
0.364496488937089 10 0.35
0.383198157574463 11 0.35
0.499511478598158 12 0.35
0.559596156275181 13 0.35
0.55823395290604 14 0.35
0.540904369922228 15 0.35
0.578989049760321 16 0.35
0.570806369026762 17 0.35
0.588212463454459 18 0.35
0.573751125253044 19 0.35
0.695381013973865 20 0.35
0.687348140391333 21 0.35
0.703279905840061 22 0.35
0.713377521249309 23 0.35
0.688780259824532 24 0.35
0.709655059791069 25 0.35
0.779541757925134 26 0.35
0.726950123912467 27 0.35
0.768640253619893 28 0.35
0.695927872782849 29 0.35
0.736513440391043 30 0.35
0.582359647509158 31 0.35
0.494929360055284 32 0.35
0.539551298426454 33 0.35
0.643930308858222 34 0.35
0.671694748244941 35 0.35
0.670780827751039 36 0.35
0.712749649472076 37 0.35
0.753036278284713 38 0.35
0.81398159689533 39 0.35
0.811828807322414 40 0.35
0.784546800777836 41 0.35
0.740232643748974 42 0.35
0.666843861418474 43 0.35
0.71607869416643 44 0.35
0.716901195490925 45 0.35
0.490772674174415 46 0.35
0.545729407321322 47 0.35
0.582395190841648 48 0.35
0.706092433195849 49 0.35
0.725277369940485 50 0.35
0.679747226941688 51 0.35
0.710629385765535 52 0.35
0.65671196542805 53 0.35
0.641508278991563 54 0.35
0.646069386771241 55 0.35
0.636553342439656 56 0.35
0.565436195976491 57 0.35
0.647626308465787 58 0.35
0.578136052779914 59 0.35
0.610891837372844 60 0.35
0.663664054036929 61 0.35
0.690061745345305 62 0.35
0.686964527053781 63 0.35
0.7131383024416 64 0.35
0.711085126804237 65 0.35
0.77127652394696 66 0.35
0.707111063837127 67 0.35
0.666568758135852 68 0.35
0.614636491722198 69 0.35
0.661981309055417 70 0.35
0.652473039951132 71 0.35
0.666047541285677 72 0.35
0.722414497689868 73 0.35
0.716796802893887 74 0.35
0.695363420851933 75 0.35
0.6921996618173 76 0.35
0.700304396179034 77 0.35
0.690231475185374 78 0.35
0.582024175538402 79 0.35
0.493257747890129 80 0.35
0.436242307212857 81 0.35
0.380116974330259 82 0.35
0.579648625133962 83 0.35
0.582975730495959 84 0.35
0.622998645570605 85 0.35
0.642957693108945 86 0.35
0.638323516127021 87 0.35
0.641709306810478 88 0.35
0.605575897619308 89 0.35
0.584813409120015 90 0.35
0.745785309997908 91 0.35
0.710878088391885 92 0.35
0.716926878520424 93 0.35
0.713948427087135 94 0.35
0.73494130021514 95 0.35
0.728162801228608 96 0.35
0.805514206065718 97 0.35
0.7806666764579 98 0.35
0.770755687536153 99 0.35
0.712899185243998 100 0.35
0.708028123181906 101 0.35
0.729714788144554 102 0.35
0.671356652897367 103 0.35
0.63734486509661 104 0.35
0.645329397758845 105 0.35
0.664306557054556 106 0.35
0.467963109782559 107 0.35
0.534219455227385 108 0.35
0.680854550818356 109 0.35
0.673181493174074 110 0.35
0.69056588192651 111 0.35
0.66366896307936 112 0.35
0.543071953254432 113 0.35
0.523171077226949 114 0.35
0.47983848838172 115 0.35
0.427709254599492 116 0.35
0.433892184934354 117 0.35
0.423077641262079 118 0.35
0.547549168922937 119 0.35
0.558552254031709 120 0.35
0.562482709159611 121 0.35
0.615669485184293 122 0.35
0.638519193348624 123 0.35
0.573679673827603 124 0.35
0.545604847295104 125 0.35
0.572079331456302 126 0.35
0.448816119550017 127 0.35
0.405395415901055 128 0.35
0.380278423554386 129 0.35
0.384990019309758 130 0.35
0.512293769884607 131 0.35
0.585659105598363 132 0.35
0.701358329072482 133 0.35
0.740790211089336 134 0.35
0.794360169944135 135 0.35
0.786120142023495 136 0.35
0.726698751947534 137 0.35
0.672446130222928 138 0.35
0.685717131411495 139 0.35
0.654490620599148 140 0.35
0.709798299727533 141 0.35
0.709622097673713 142 0.35
0.660414469946132 143 0.35
0.698200003968961 144 0.35
