0.749722315674015 1 0.35
0.710145344548332 2 0.35
0.762321894016807 3 0.35
0.702988368360159 4 0.35
0.733101138428513 5 0.35
0.710237370992476 6 0.35
0.679283552069511 7 0.35
0.578695919085814 8 0.35
0.542715528103328 9 0.35
0.601068186957691 10 0.35
0.566138483981104 11 0.35
0.556473384078519 12 0.35
0.5543881682718 13 0.35
0.498548023690843 14 0.35
0.48929309992924 15 0.35
0.525395368950191 16 0.35
0.574295342115478 17 0.35
0.582984643637538 18 0.35
0.472753545513309 19 0.35
0.39787915998563 20 0.35
0.504712306588391 21 0.35
0.55082478192046 22 0.35
0.610953516933456 23 0.35
0.757700400707303 24 0.35
0.748841111747504 25 0.35
0.784873681116803 26 0.35
0.750394558222822 27 0.35
0.717627101936642 28 0.35
0.629585168892567 29 0.35
0.522324929235187 30 0.35
0.545260684493531 31 0.35
0.607449164838889 32 0.35
0.689443608602009 33 0.35
0.6590197987454 34 0.35
0.681660434566194 35 0.35
0.694933834686329 36 0.35
0.72208944192749 37 0.35
0.698219524138384 38 0.35
0.696540089579518 39 0.35
0.736664621276526 40 0.35
0.701099334352736 41 0.35
0.622601257645211 42 0.35
0.578140370272782 43 0.35
0.547483407318448 44 0.35
0.538934808869142 45 0.35
0.535209323064093 46 0.35
0.554068480188121 47 0.35
0.561803700200469 48 0.35
0.593670917368795 49 0.35
0.588709029184794 50 0.35
0.615517269762738 51 0.35
0.640093174633994 52 0.35
0.657849720407227 53 0.35
0.623890562305133 54 0.35
0.540684086637912 55 0.35
0.51390758869749 56 0.35
0.542327131670391 57 0.35
0.551449306988327 58 0.35
0.603057787647686 59 0.35
0.661275824007397 60 0.35
0.765820733410529 61 0.35
0.79092036167886 62 0.35
0.813169319187181 63 0.35
0.742657761626551 64 0.35
0.659117995925986 65 0.35
0.63866499903167 66 0.35
0.665554840740751 67 0.35
0.596772705055648 68 0.35
0.564380590420951 69 0.35
0.546498363266372 70 0.35
0.685967151904583 71 0.35
0.716338411879357 72 0.35
0.750803976912439 73 0.35
0.82213429654446 74 0.35
0.752183440943629 75 0.35
0.807179021469276 76 0.35
0.747192467502766 77 0.35
0.733245683601126 78 0.35
0.647688764111015 79 0.35
0.625962259298396 80 0.35
0.593484548948867 81 0.35
0.595899654406815 82 0.35
0.585114181213905 83 0.35
0.559025335907506 84 0.35
0.651432969079981 85 0.35
0.724321746640164 86 0.35
0.693015631170539 87 0.35
0.677931026125549 88 0.35
0.716420996998592 89 0.35
0.784281791848253 90 0.35
0.745772940609868 91 0.35
0.709615932279534 92 0.35
0.68798157014078 93 0.35
0.70711281175638 94 0.35
0.68993374398462 95 0.35
0.663372875068548 96 0.35
0.703341292879779 97 0.35
0.764912609284811 98 0.35
0.683122040067777 99 0.35
0.588836689340311 100 0.35
0.628191423705288 101 0.35
0.615467608351888 102 0.35
0.614675019646992 103 0.35
0.558285227847815 104 0.35
0.586723501032175 105 0.35
0.543941794036356 106 0.35
0.42949968126511 107 0.35
0.483517753422436 108 0.35
0.56968471365653 109 0.35
0.644897416767085 110 0.35
0.519051532088755 111 0.35
0.551436092413722 112 0.35
0.565864816582147 113 0.35
0.570322623844424 114 0.35
0.554079555883127 115 0.35
0.526222001121716 116 0.35
0.487459148819385 117 0.35
0.483039898668896 118 0.35
0.498288970673135 119 0.35
0.529498180516483 120 0.35
0.606538809041246 121 0.35
0.558882300525754 122 0.35
0.513610928849026 123 0.35
0.510006742342864 124 0.35
0.482594932515729 125 0.35
0.428521100581931 126 0.35
0.439062981257146 127 0.35
0.387067746547325 128 0.35
0.372247367840496 129 0.35
0.398437857335089 130 0.35
0.513673270021343 131 0.35
0.61702481338722 132 0.35
0.619462159123407 133 0.35
0.639636464315786 134 0.35
0.65879438994056 135 0.35
0.636248307292517 136 0.35
0.591138267906043 137 0.35
0.419110475077223 138 0.35
0.365344769667464 139 0.35
0.424660919075397 140 0.35
0.55290430909537 141 0.35
0.52028210069694 142 0.35
0.438586380597248 143 0.35
0.435540657021001 144 0.35
