0.560753542967433 1 0.35
0.575543007262352 2 0.35
0.564311253341598 3 0.35
0.580204099623828 4 0.35
0.517953099900718 5 0.35
0.431639767283604 6 0.35
0.28953852662627 7 0.35
0.284405946558364 8 0.35
0.363202466074814 9 0.35
0.400961350947996 10 0.35
0.394037185108961 11 0.35
0.483292761368892 12 0.35
0.531873329197795 13 0.35
0.752932543794907 14 0.35
0.747045790689842 15 0.35
0.722361117174902 16 0.35
0.602179654544754 17 0.35
0.784322103467238 18 0.35
0.700616489599672 19 0.35
0.680940567156975 20 0.35
0.64523468406293 21 0.35
0.688967117680153 22 0.35
0.745288602525585 23 0.35
0.771637963338296 24 0.35
0.553352545398474 25 0.35
0.583542633780226 26 0.35
0.536450281573073 27 0.35
0.596979024143952 28 0.35
0.57824264863468 29 0.35
0.608060786505014 30 0.35
0.476920486142673 31 0.35
0.49714781070867 32 0.35
0.546033401136707 33 0.35
0.562525952320176 34 0.35
0.536384549577706 35 0.35
0.593830942564275 36 0.35
0.682204786617747 37 0.35
0.699849469702071 38 0.35
0.649858514981162 39 0.35
0.641609406247869 40 0.35
0.776034438266053 41 0.35
0.784302932951364 42 0.35
0.612540001955767 43 0.35
0.485438019011182 44 0.35
0.519424597593271 45 0.35
0.559535574988711 46 0.35
0.530461323273315 47 0.35
0.558378242743983 48 0.35
0.639448663780935 49 0.35
0.683454051265781 50 0.35
0.713224654266894 51 0.35
0.675799943859666 52 0.35
0.685852997597943 53 0.35
0.660245695001134 54 0.35
0.595767133888276 55 0.35
0.552962189210251 56 0.35
0.616164669926152 57 0.35
0.550324161865241 58 0.35
0.553154935981967 59 0.35
0.645192854380243 60 0.35
0.587101402834164 61 0.35
0.590712231556838 62 0.35
0.602136475665101 63 0.35
0.539131199781897 64 0.35
0.634047173147885 65 0.35
0.560433227590355 66 0.35
0.553432903613732 67 0.35
0.532126093633994 68 0.35
0.52237727370758 69 0.35
0.563081479518825 70 0.35
0.609201439561338 71 0.35
0.690639348148919 72 0.35
0.74983897624013 73 0.35
0.763253046627837 74 0.35
0.740746362004979 75 0.35
0.738720502912208 76 0.35
0.669592716426853 77 0.35
0.526900618202147 78 0.35
0.468163757301933 79 0.35
0.42715153845498 80 0.35
0.432497607891897 81 0.35
0.459545374502901 82 0.35
0.477989988097416 83 0.35
0.56908215614474 84 0.35
0.608817808216232 85 0.35
0.635525868990203 86 0.35
0.617853594150941 87 0.35
0.719566595967632 88 0.35
0.717326953221597 89 0.35
0.747026756083814 90 0.35
0.69103063225281 91 0.35
0.654792605991658 92 0.35
0.610499873718064 93 0.35
0.588999925110581 94 0.35
0.57231250118618 95 0.35
0.588313086975046 96 0.35
0.678247498833441 97 0.35
0.702988042431076 98 0.35
0.75031301243163 99 0.35
0.742763651214222 100 0.35
0.715843361020661 101 0.35
0.488073789065652 102 0.35
0.448155264979255 103 0.35
0.395662126053214 104 0.35
0.49055742740127 105 0.35
0.501907412438334 106 0.35
0.540805500887633 107 0.35
0.520998953644335 108 0.35
0.665806354342215 109 0.35
0.773674097880839 110 0.35
0.763354380986332 111 0.35
0.736039706780585 112 0.35
0.683115728181803 113 0.35
0.627471507515258 114 0.35
0.666276449168303 115 0.35
0.692033621206616 116 0.35
0.711209172977331 117 0.35
0.625591335178026 118 0.35
0.656276924919206 119 0.35
0.666431336249507 120 0.35
0.674710255821002 121 0.35
0.775994071028416 122 0.35
0.682210757607262 123 0.35
0.665309215574483 124 0.35
0.65447178359357 125 0.35
0.636340114884401 126 0.35
0.57395278645621 127 0.35
0.543112509314102 128 0.35
0.60138321991003 129 0.35
0.708417899612215 130 0.35
0.706492174171649 131 0.35
0.741672103170287 132 0.35
0.744759511770833 133 0.35
0.773856561866863 134 0.35
0.788052785348951 135 0.35
0.811722454889036 136 0.35
0.706897829001572 137 0.35
0.759063989161798 138 0.35
0.70227179004954 139 0.35
0.651586691029273 140 0.35
0.621637555985268 141 0.35
0.603832066504756 142 0.35
0.57615851302065 143 0.35
0.604786257166032 144 0.35
