0.690913032864725 1 0.35
0.650701755461584 2 0.35
0.659892536195096 3 0.35
0.678558331718901 4 0.35
0.682380957936673 5 0.35
0.714276836764202 6 0.35
0.626827685114013 7 0.35
0.696907014828111 8 0.35
0.561511064067397 9 0.35
0.602617536028024 10 0.35
0.655785717843619 11 0.35
0.688708508512206 12 0.35
0.73565620763952 13 0.35
0.749940443849113 14 0.35
0.815100913527195 15 0.35
0.788243893190751 16 0.35
0.807094862406387 17 0.35
0.608891779415224 18 0.35
0.53047899221957 19 0.35
0.446661392863812 20 0.35
0.440553452843539 21 0.35
0.431975271728848 22 0.35
0.564265850142058 23 0.35
0.612407729391139 24 0.35
0.655091670748863 25 0.35
0.725235718396218 26 0.35
0.685071158924676 27 0.35
0.681802401174083 28 0.35
0.681951055189248 29 0.35
0.728753472035704 30 0.35
0.649201122644682 31 0.35
0.594279373954697 32 0.35
0.594847042741989 33 0.35
0.558024942023291 34 0.35
0.562055472007754 35 0.35
0.559595231669648 36 0.35
0.643467493786078 37 0.35
0.682785346469416 38 0.35
0.718937192003726 39 0.35
0.692551445261698 40 0.35
0.670092826602495 41 0.35
0.60735542212356 42 0.35
0.650743643746208 43 0.35
0.656567897019482 44 0.35
0.677854812367941 45 0.35
0.666261586325463 46 0.35
0.670441560480864 47 0.35
0.743428379631816 48 0.35
0.710032483342357 49 0.35
0.71425954777521 50 0.35
0.712911803994289 51 0.35
0.727975211466014 52 0.35
0.737116792956221 53 0.35
0.660825388417286 54 0.35
0.540737696390232 55 0.35
0.486039296363602 56 0.35
0.497561359281435 57 0.35
0.544670806005901 58 0.35
0.649050460225151 59 0.35
0.586410300982132 60 0.35
0.704316808065101 61 0.35
0.730148206166809 62 0.35
0.716703087129819 63 0.35
0.771597191264131 64 0.35
0.769187804284957 65 0.35
0.773161917759639 66 0.35
0.673763062750509 67 0.35
0.666417477710794 68 0.35
0.573819525513724 69 0.35
0.644780821503508 70 0.35
0.564071133785149 71 0.35
0.54903390400032 72 0.35
0.640903234698945 73 0.35
0.724949697583864 74 0.35
0.696260322782409 75 0.35
0.677159714391276 76 0.35
0.539459923254169 77 0.35
0.524126657792952 78 0.35
0.474914339698053 79 0.35
0.548393494648089 80 0.35
0.4930424599816 81 0.35
0.491155163638212 82 0.35
0.551712168629584 83 0.35
0.612659677847245 84 0.35
0.713587280721164 85 0.35
0.76952907184681 86 0.35
0.827606801779751 87 0.35
0.6988395794592 88 0.35
0.6748105834984 89 0.35
0.645751799358686 90 0.35
0.509934650281426 91 0.35
0.462929859546075 92 0.35
0.40922999820303 93 0.35
0.541700640284454 94 0.35
0.547963819534961 95 0.35
0.597405981402824 96 0.35
0.689710682103367 97 0.35
0.631934961129033 98 0.35
0.645779212051704 99 0.35
0.643930857894806 100 0.35
0.585312668726727 101 0.35
0.564194356608139 102 0.35
0.479722962013879 103 0.35
0.449948848066764 104 0.35
0.420614778240446 105 0.35
0.421973304302608 106 0.35
0.387408869833642 107 0.35
0.437996996739845 108 0.35
0.504314149137172 109 0.35
0.585848098027608 110 0.35
0.684132909060044 111 0.35
0.710674368474954 112 0.35
0.693446983693105 113 0.35
0.664168622081824 114 0.35
0.682616220049976 115 0.35
0.62764261954587 116 0.35
0.678342773447809 117 0.35
0.564372822917139 118 0.35
0.617843734979089 119 0.35
0.677906876461094 120 0.35
0.698786140820807 121 0.35
0.613941182965167 122 0.35
0.606460711217058 123 0.35
0.593036003016862 124 0.35
0.517615631100596 125 0.35
0.504967453722308 126 0.35
0.455759562980608 127 0.35
0.460734178358094 128 0.35
0.475792322706198 129 0.35
0.536570672429497 130 0.35
0.461323325837619 131 0.35
0.570749544369664 132 0.35
0.558845985823187 133 0.35
0.572956746480211 134 0.35
0.612839561557423 135 0.35
0.613367891717499 136 0.35
0.572591238134471 137 0.35
0.615347051176139 138 0.35
0.47538561911928 139 0.35
0.448052191874012 140 0.35
0.470632129680231 141 0.35
0.375047733554661 142 0.35
0.319638483461972 143 0.35
0.46522058844148 144 0.35
