0.630644995166814 1 0.35
0.544486327261032 2 0.35
0.491622982799541 3 0.35
0.535161201678551 4 0.35
0.487947582676017 5 0.35
0.413060793363091 6 0.35
0.370312421220358 7 0.35
0.353371998337876 8 0.35
0.366029340170811 9 0.35
0.368386710638017 10 0.35
0.434997361923952 11 0.35
0.659726123043032 12 0.35
0.700419336507179 13 0.35
0.710172363200181 14 0.35
0.780659226344571 15 0.35
0.662187405458395 16 0.35
0.571595034845659 17 0.35
0.646104273080739 18 0.35
0.5426454845493 19 0.35
0.448660814169064 20 0.35
0.426945803592133 21 0.35
0.556749325370523 22 0.35
0.592433831932993 23 0.35
0.70677842602224 24 0.35
0.746373220508183 25 0.35
0.722858508892182 26 0.35
0.766956219039571 27 0.35
0.796540820893804 28 0.35
0.80712523091155 29 0.35
0.754723097054219 30 0.35
0.650933246879691 31 0.35
0.626373050784555 32 0.35
0.604327714259793 33 0.35
0.621970668076075 34 0.35
0.566360660521216 35 0.35
0.69681849326788 36 0.35
0.715991050792114 37 0.35
0.73046711270208 38 0.35
0.687540763838187 39 0.35
0.728228562106951 40 0.35
0.675968678201879 41 0.35
0.603121518178658 42 0.35
0.579415237948337 43 0.35
0.601900018344898 44 0.35
0.609675642282091 45 0.35
0.724606679149646 46 0.35
0.736687539114418 47 0.35
0.629080900694683 48 0.35
0.676208641201546 49 0.35
0.670816749874007 50 0.35
0.625573599096613 51 0.35
0.626964680584536 52 0.35
0.652667984856954 53 0.35
0.643007618345712 54 0.35
0.504799788975213 55 0.35
0.481309063968095 56 0.35
0.530933888160589 57 0.35
0.615085424365537 58 0.35
0.735045252414682 59 0.35
0.668777151787813 60 0.35
0.715666172622488 61 0.35
0.68423603484738 62 0.35
0.673418310728917 63 0.35
0.704246129927241 64 0.35
0.704492652590278 65 0.35
0.621626011606305 66 0.35
0.574601366117471 67 0.35
0.61744697433188 68 0.35
0.660477488783027 69 0.35
0.705948671260478 70 0.35
0.632977252976334 71 0.35
0.612876299800533 72 0.35
0.648445235726717 73 0.35
0.669158590871409 74 0.35
0.675252769833493 75 0.35
0.700047810617967 76 0.35
0.688215039973719 77 0.35
0.613031610716808 78 0.35
0.48462428013924 79 0.35
0.561725639687373 80 0.35
0.484900742714987 81 0.35
0.491929848434168 82 0.35
0.499126810376699 83 0.35
0.42039315891597 84 0.35
0.550642283133116 85 0.35
0.583482752655671 86 0.35
0.61711077747837 87 0.35
0.635819223159216 88 0.35
0.619790593103898 89 0.35
0.515518822888191 90 0.35
0.480510551791964 91 0.35
0.500449007017739 92 0.35
0.528034164778642 93 0.35
0.624194631536564 94 0.35
0.651488499335205 95 0.35
0.634584710778235 96 0.35
0.634947677929193 97 0.35
0.665939475422514 98 0.35
0.731551663392418 99 0.35
0.751480974103175 100 0.35
0.749846483695809 101 0.35
0.58963761668629 102 0.35
0.607747256957618 103 0.35
0.602060153925986 104 0.35
0.510497900658672 105 0.35
0.442809648349183 106 0.35
0.577883718118291 107 0.35
0.625202201702111 108 0.35
0.724670643891826 109 0.35
0.717126502658592 110 0.35
0.800326781466833 111 0.35
0.822267020585857 112 0.35
0.767177628003298 113 0.35
0.671023833611508 114 0.35
0.623162403636292 115 0.35
0.627055961115087 116 0.35
0.630361017909656 117 0.35
0.636769131997273 118 0.35
0.588227526009453 119 0.35
0.661946432060808 120 0.35
0.753831692929278 121 0.35
0.726533594091992 122 0.35
0.781374687161504 123 0.35
0.78465731998997 124 0.35
0.740343050316313 125 0.35
0.72142554599332 126 0.35
0.727425714985146 127 0.35
0.64083627757718 128 0.35
0.606231284214959 129 0.35
0.582848445082955 130 0.35
0.685820710544111 131 0.35
0.616590354030227 132 0.35
0.551932455773988 133 0.35
0.609614476865829 134 0.35
0.56260911792633 135 0.35
0.542571625467546 136 0.35
0.445424476002965 137 0.35
0.415099311378142 138 0.35
0.301470077862586 139 0.35
0.311549815506056 140 0.35
0.30560120385254 141 0.35
0.29042756840015 142 0.35
0.285835880269446 143 0.35
0.347851121337531 144 0.35
