0.596133949984978 1 0.35
0.656371807647887 2 0.35
0.669650231217747 3 0.35
0.717390372810514 4 0.35
0.739341666288605 5 0.35
0.768529410356187 6 0.35
0.741088122560296 7 0.35
0.724980094660227 8 0.35
0.608309164265615 9 0.35
0.641848722550102 10 0.35
0.642560362744458 11 0.35
0.691698101940688 12 0.35
0.63449565759918 13 0.35
0.655587833692667 14 0.35
0.739973417492023 15 0.35
0.702350154172747 16 0.35
0.638858214660234 17 0.35
0.617181171358194 18 0.35
0.56440352685338 19 0.35
0.534516867878368 20 0.35
0.569225904971966 21 0.35
0.626722663799697 22 0.35
0.745245731216257 23 0.35
0.633860810111671 24 0.35
0.744302571204585 25 0.35
0.71617580471227 26 0.35
0.707015655500114 27 0.35
0.723129366178896 28 0.35
0.807055382474333 29 0.35
0.759703655109388 30 0.35
0.680221691945408 31 0.35
0.724881336502767 32 0.35
0.684862724228053 33 0.35
0.676010370423378 34 0.35
0.592118788551648 35 0.35
0.60645007512904 36 0.35
0.699121718493409 37 0.35
0.707213137739072 38 0.35
0.67569921234841 39 0.35
0.68258028132469 40 0.35
0.650232929156357 41 0.35
0.651162789953006 42 0.35
0.669017364556216 43 0.35
0.603537582698738 44 0.35
0.590067902669213 45 0.35
0.724617922144742 46 0.35
0.679821403532456 47 0.35
0.632165599698401 48 0.35
0.722382061486735 49 0.35
0.754047086857669 50 0.35
0.794459010853868 51 0.35
0.781774560418874 52 0.35
0.782984354421116 53 0.35
0.759570886082332 54 0.35
0.666239403856516 55 0.35
0.63127491415771 56 0.35
0.598846180921389 57 0.35
0.656224198937571 58 0.35
0.619517170038127 59 0.35
0.556726447428276 60 0.35
0.723519374819554 61 0.35
0.720031929515859 62 0.35
0.761229026773621 63 0.35
0.738642560290579 64 0.35
0.747452243239931 65 0.35
0.637738738867169 66 0.35
0.581508915917646 67 0.35
0.57048071140149 68 0.35
0.615402980894382 69 0.35
0.621564349289949 70 0.35
0.598061299857979 71 0.35
0.633297829050603 72 0.35
0.619755232527838 73 0.35
0.683941642593769 74 0.35
0.645733579682633 75 0.35
0.683738437930332 76 0.35
0.655376969011664 77 0.35
0.664614046671133 78 0.35
0.636558854493264 79 0.35
0.552152080854497 80 0.35
0.57342519952826 81 0.35
0.539095357232963 82 0.35
0.637155473883615 83 0.35
0.731127085936622 84 0.35
0.730663020900717 85 0.35
0.758015655506315 86 0.35
0.704101734226013 87 0.35
0.662287544421879 88 0.35
0.677392625808851 89 0.35
0.585525781234975 90 0.35
0.54143993822727 91 0.35
0.542767071573015 92 0.35
0.558005677866946 93 0.35
0.636458778924986 94 0.35
0.684961145078396 95 0.35
0.757212555116359 96 0.35
0.733883121404585 97 0.35
0.779985151378417 98 0.35
0.785058456441543 99 0.35
0.780720060105518 100 0.35
0.715650101508185 101 0.35
0.73336527157389 102 0.35
0.624230299040428 103 0.35
0.651521713537954 104 0.35
0.638369475706457 105 0.35
0.618456121888098 106 0.35
0.707974239096789 107 0.35
0.7384202531516 108 0.35
0.772160690279161 109 0.35
0.801626451969693 110 0.35
0.736385959517328 111 0.35
0.750811836380362 112 0.35
0.713434924280565 113 0.35
0.527281245085686 114 0.35
0.558064733770441 115 0.35
0.532702804185139 116 0.35
0.488176470783681 117 0.35
0.485450019673899 118 0.35
0.518500704131343 119 0.35
0.512849831240577 120 0.35
0.583979788396337 121 0.35
0.609594686577353 122 0.35
0.644567298510168 123 0.35
0.646624821004793 124 0.35
0.625391191089955 125 0.35
0.57455328078789 126 0.35
0.582617418768185 127 0.35
0.606323820215293 128 0.35
0.521095771067759 129 0.35
0.53600824638004 130 0.35
0.640331137464887 131 0.35
0.68238105483106 132 0.35
0.757466203524681 133 0.35
0.728741981430915 134 0.35
0.732607086394385 135 0.35
0.732634688532817 136 0.35
0.65996473518596 137 0.35
0.662815627810356 138 0.35
0.641112237295707 139 0.35
0.563695980241933 140 0.35
0.521892099165881 141 0.35
0.598149661684116 142 0.35
0.623215060368187 143 0.35
0.637091444845716 144 0.35
