0.521002443342972 1 0.35
0.602354313882965 2 0.35
0.566013287495219 3 0.35
0.534080815641604 4 0.35
0.460351689042991 5 0.35
0.453264038735394 6 0.35
0.38652061060919 7 0.35
0.351187698149029 8 0.35
0.318205205669917 9 0.35
0.311822571985916 10 0.35
0.348617119834112 11 0.35
0.318830530760954 12 0.35
0.441439928353648 13 0.35
0.598013414821852 14 0.35
0.685931181939617 15 0.35
0.699151677732423 16 0.35
0.700642466475993 17 0.35
0.721686109193413 18 0.35
0.661945304914015 19 0.35
0.588687481931278 20 0.35
0.581428065950176 21 0.35
0.547851935609638 22 0.35
0.633991952018268 23 0.35
0.710928543440323 24 0.35
0.763102151642446 25 0.35
0.74074026093512 26 0.35
0.746950905753561 27 0.35
0.73670139093096 28 0.35
0.745208740874901 29 0.35
0.678952371441636 30 0.35
0.710805745236927 31 0.35
0.669897093455391 32 0.35
0.597823603150706 33 0.35
0.72463837482122 34 0.35
0.650245541530292 35 0.35
0.76134650945494 36 0.35
0.66568650203706 37 0.35
0.697688256023329 38 0.35
0.781034629613933 39 0.35
0.768747087439284 40 0.35
0.728624291611241 41 0.35
0.70753740130874 42 0.35
0.585233129493514 43 0.35
0.623818033945248 44 0.35
0.672173794183732 45 0.35
0.635067353122916 46 0.35
0.627488981555737 47 0.35
0.642546204328002 48 0.35
0.64264983346539 49 0.35
0.725552778419191 50 0.35
0.752726780128954 51 0.35
0.67313308814501 52 0.35
0.673575495911528 53 0.35
0.444344576493024 54 0.35
0.406416752633168 55 0.35
0.332178785906709 56 0.35
0.325622518713459 57 0.35
0.391434952775988 58 0.35
0.420488708462188 59 0.35
0.480480530774666 60 0.35
0.513063232317302 61 0.35
0.511451168768962 62 0.35
0.543818757825802 63 0.35
0.539300303556467 64 0.35
0.555050292616713 65 0.35
0.56490620409054 66 0.35
0.477671575585569 67 0.35
0.483790759952841 68 0.35
0.452176134924125 69 0.35
0.494828096682042 70 0.35
0.508509917056191 71 0.35
0.638018476863754 72 0.35
0.699983583994441 73 0.35
0.727927311115084 74 0.35
0.692027456321551 75 0.35
0.70651421578679 76 0.35
0.62233548189832 77 0.35
0.59368097904439 78 0.35
0.5411721771266 79 0.35
0.515870290981765 80 0.35
0.415517322754515 81 0.35
0.434833796977239 82 0.35
0.483230405505427 83 0.35
0.540874522954715 84 0.35
0.577578479527884 85 0.35
0.620504516763122 86 0.35
0.677330233539159 87 0.35
0.686322258388399 88 0.35
0.683617797523616 89 0.35
0.604623365318004 90 0.35
0.435895145185281 91 0.35
0.368142517319203 92 0.35
0.341168607226217 93 0.35
0.358708514702793 94 0.35
0.348148972511691 95 0.35
0.319557573850242 96 0.35
0.358533924698104 97 0.35
0.465351890633652 98 0.35
0.500120221605632 99 0.35
0.486823233000736 100 0.35
0.423025006265652 101 0.35
0.576277365851902 102 0.35
0.546396173733003 103 0.35
0.589231619800065 104 0.35
0.569161818728657 105 0.35
0.672733182144051 106 0.35
0.536001008573151 107 0.35
0.578641398076193 108 0.35
0.598980802357725 109 0.35
0.62393636348523 110 0.35
0.590961840662622 111 0.35
0.586930938693749 112 0.35
0.592883374655756 113 0.35
0.531823521251847 114 0.35
0.436530675250401 115 0.35
0.424985545010804 116 0.35
0.457585606051972 117 0.35
0.416712170040457 118 0.35
0.462129141591443 119 0.35
0.584881756210334 120 0.35
0.617715065721921 121 0.35
0.63958148071515 122 0.35
0.628906421336495 123 0.35
0.659298697649939 124 0.35
0.715999866972691 125 0.35
0.721562024385625 126 0.35
0.641741981495027 127 0.35
0.619834425432348 128 0.35
0.58631787416614 129 0.35
0.724666968556142 130 0.35
0.628495741700709 131 0.35
0.704547239399454 132 0.35
0.8067028038818 133 0.35
0.698352643874275 134 0.35
0.758553747548366 135 0.35
0.797862355981809 136 0.35
0.708687374888696 137 0.35
0.706477766743674 138 0.35
0.723684795669518 139 0.35
0.667992390724783 140 0.35
0.579684030284896 141 0.35
0.608789876099176 142 0.35
0.499636242836316 143 0.35
0.486468443569172 144 0.35
