0.723650428569729 1 0.35
0.822092946364276 2 0.35
0.827634524098969 3 0.35
0.632129505732708 4 0.35
0.668527848415231 5 0.35
0.724970075699374 6 0.35
0.572569851737858 7 0.35
0.583887149254682 8 0.35
0.595960466490576 9 0.35
0.616937126565094 10 0.35
0.503672745943705 11 0.35
0.557019295778735 12 0.35
0.584324817125778 13 0.35
0.638457657417231 14 0.35
0.734687509688274 15 0.35
0.704284266128238 16 0.35
0.671528143330908 17 0.35
0.59679084505789 18 0.35
0.454930287739705 19 0.35
0.464750497763882 20 0.35
0.620600968262056 21 0.35
0.593298107993273 22 0.35
0.682380009303371 23 0.35
0.730312722793892 24 0.35
0.749734073271983 25 0.35
0.703116497935394 26 0.35
0.687653946697079 27 0.35
0.632454699098345 28 0.35
0.645676266468464 29 0.35
0.604228138228278 30 0.35
0.57651300591888 31 0.35
0.517291394108289 32 0.35
0.490959308912407 33 0.35
0.478640969022911 34 0.35
0.512203201428856 35 0.35
0.541173700105572 36 0.35
0.639967029299566 37 0.35
0.611899564558071 38 0.35
0.611202452714579 39 0.35
0.651703253731949 40 0.35
0.761076506050624 41 0.35
0.761466807813291 42 0.35
0.68142025537635 43 0.35
0.725027462566542 44 0.35
0.442271846377568 45 0.35
0.445867002407298 46 0.35
0.433794377876226 47 0.35
0.498745972803257 48 0.35
0.555515508711109 49 0.35
0.616177383036373 50 0.35
0.629622901417843 51 0.35
0.628648172771804 52 0.35
0.608606579078481 53 0.35
0.557621620690016 54 0.35
0.458174069912977 55 0.35
0.462745480643644 56 0.35
0.457935649742797 57 0.35
0.42351626914656 58 0.35
0.506957355456799 59 0.35
0.512601352918737 60 0.35
0.514626733105814 61 0.35
0.574480973206265 62 0.35
0.613647996399199 63 0.35
0.640029485127517 64 0.35
0.621153355787407 65 0.35
0.551509276648671 66 0.35
0.545404798918438 67 0.35
0.5184270638081 68 0.35
0.510860889863391 69 0.35
0.47691134083842 70 0.35
0.497766663910821 71 0.35
0.522352289427825 72 0.35
0.585523826993657 73 0.35
0.631610661356619 74 0.35
0.576841980610985 75 0.35
0.589548783169783 76 0.35
0.678879133546408 77 0.35
0.693484967355991 78 0.35
0.620250808830062 79 0.35
0.619338464254257 80 0.35
0.624716246277163 81 0.35
0.724654861684312 82 0.35
0.74524084059961 83 0.35
0.771564756166789 84 0.35
0.727516601225958 85 0.35
0.733225409491108 86 0.35
0.70352756513043 87 0.35
0.678036852861614 88 0.35
0.705320218629131 89 0.35
0.687378196911359 90 0.35
0.687423502430324 91 0.35
0.615342353578242 92 0.35
0.616555862025627 93 0.35
0.609471235669485 94 0.35
0.634047857198378 95 0.35
0.65023176792589 96 0.35
0.611094664854997 97 0.35
0.604813082648328 98 0.35
0.708282995621587 99 0.35
0.72431335342198 100 0.35
0.712218346057815 101 0.35
0.634088692959899 102 0.35
0.524108908351228 103 0.35
0.532114070678625 104 0.35
0.50862179655175 105 0.35
0.452464847457795 106 0.35
0.493339374306492 107 0.35
0.51305547058888 108 0.35
0.537345989082162 109 0.35
0.530357366206487 110 0.35
0.473416318523444 111 0.35
0.439635988748028 112 0.35
0.390478986385628 113 0.35
0.360446080229658 114 0.35
0.283705887852394 115 0.35
0.242135050202082 116 0.35
0.289143954331585 117 0.35
0.294198173593639 118 0.35
0.387472859372212 119 0.35
0.434633921364622 120 0.35
0.499442194716601 121 0.35
0.510568238414418 122 0.35
0.530658582726292 123 0.35
0.53407887829502 124 0.35
0.447065117197041 125 0.35
0.408880449310828 126 0.35
0.353276767152487 127 0.35
0.29226638090473 128 0.35
0.326206977919382 129 0.35
0.375933214950977 130 0.35
0.46379300342409 131 0.35
0.474311061500252 132 0.35
0.550082331771595 133 0.35
0.651044258375282 134 0.35
0.657764467082163 135 0.35
0.652098380457071 136 0.35
0.692231183314374 137 0.35
0.668054987287059 138 0.35
0.584453912832672 139 0.35
0.67666170800441 140 0.35
0.670929144901216 141 0.35
0.682896933958495 142 0.35
0.735503373323241 143 0.35
0.710265290007559 144 0.35
