0.636184070686654 1 0.35
0.6941627587103 2 0.35
0.664486159217188 3 0.35
0.653859710404509 4 0.35
0.607541068581215 5 0.35
0.601957370896868 6 0.35
0.589545561484509 7 0.35
0.675799104597127 8 0.35
0.716857305096352 9 0.35
0.70551042961543 10 0.35
0.641498387765299 11 0.35
0.726523920900232 12 0.35
0.777185408809801 13 0.35
0.760137687164854 14 0.35
0.792106085005371 15 0.35
0.802860192202009 16 0.35
0.794286946312505 17 0.35
0.77389123286676 18 0.35
0.745710013506515 19 0.35
0.712761358866432 20 0.35
0.661049681711351 21 0.35
0.706124329897624 22 0.35
0.712352744868107 23 0.35
0.723649072771407 24 0.35
0.749548501444826 25 0.35
0.729458737352546 26 0.35
0.773283723787752 27 0.35
0.737589888912781 28 0.35
0.763164192578237 29 0.35
0.739128885976771 30 0.35
0.614710538503468 31 0.35
0.642435299569415 32 0.35
0.636158974219392 33 0.35
0.672261076142798 34 0.35
0.67766394055303 35 0.35
0.646315232376393 36 0.35
0.686520587325608 37 0.35
0.672896880490832 38 0.35
0.667583527073336 39 0.35
0.615860048574354 40 0.35
0.601570654533053 41 0.35
0.514176596636312 42 0.35
0.4748400434611 43 0.35
0.449997847129664 44 0.35
0.519326756141581 45 0.35
0.457911535716041 46 0.35
0.478202288686357 47 0.35
0.533699155699157 48 0.35
0.507150768916212 49 0.35
0.561566443307976 50 0.35
0.582928847167261 51 0.35
0.552286778031481 52 0.35
0.612591418320409 53 0.35
0.616334402536312 54 0.35
0.561754363148803 55 0.35
0.490557541898617 56 0.35
0.450016963559037 57 0.35
0.464615792237798 58 0.35
0.502493513786008 59 0.35
0.552917569051985 60 0.35
0.628661954487495 61 0.35
0.508305166961035 62 0.35
0.485549232930995 63 0.35
0.44812560654761 64 0.35
0.431735684507431 65 0.35
0.307041855307175 66 0.35
0.269882303954739 67 0.35
0.219845131381073 68 0.35
0.23142497234781 69 0.35
0.274608696106103 70 0.35
0.314048352788458 71 0.35
0.371879038503025 72 0.35
0.436723331278001 73 0.35
0.521769162271675 74 0.35
0.486877119629387 75 0.35
0.545326595024043 76 0.35
0.568952670693838 77 0.35
0.466417259863613 78 0.35
0.41738776262496 79 0.35
0.350365760807964 80 0.35
0.408219300035951 81 0.35
0.470848839241128 82 0.35
0.546481621612846 83 0.35
0.573331209115677 84 0.35
0.718389668691645 85 0.35
0.718232292691251 86 0.35
0.696030578273579 87 0.35
0.625100922140431 88 0.35
0.603188249066742 89 0.35
0.558873196067013 90 0.35
0.504627267918227 91 0.35
0.513104739636044 92 0.35
0.494814173736741 93 0.35
0.505348371150788 94 0.35
0.45876655633162 95 0.35
0.551221137398953 96 0.35
0.649217976185422 97 0.35
0.697396135925793 98 0.35
0.670636906711647 99 0.35
0.708177654108417 100 0.35
0.631832283132937 101 0.35
0.606796394745504 102 0.35
0.63534759763136 103 0.35
0.596603569736491 104 0.35
0.630259317407133 105 0.35
0.601956742704158 106 0.35
0.589388064434172 107 0.35
0.559121455807651 108 0.35
0.623127331549917 109 0.35
0.678261977828281 110 0.35
0.649455076288863 111 0.35
0.655447458278513 112 0.35
0.636286689731937 113 0.35
0.618552780070494 114 0.35
0.550081072994653 115 0.35
0.404641136396897 116 0.35
0.478954913884454 117 0.35
0.487357294542074 118 0.35
0.539512461180138 119 0.35
0.594879431281242 120 0.35
0.675868915500177 121 0.35
0.729732518905196 122 0.35
0.595597072801278 123 0.35
0.615204914175575 124 0.35
0.603661736263083 125 0.35
0.555246283700748 126 0.35
0.4966945368954 127 0.35
0.491115158591853 128 0.35
0.466908928855508 129 0.35
0.398650467291468 130 0.35
0.427865793989559 131 0.35
0.416416887686942 132 0.35
0.4621280345326 133 0.35
0.464433972892258 134 0.35
0.517204039691081 135 0.35
0.537586894616393 136 0.35
0.529808589466706 137 0.35
0.454177300632264 138 0.35
0.323956173053356 139 0.35
0.321474590338793 140 0.35
0.286023789933944 141 0.35
0.433054919753775 142 0.35
0.492416336085237 143 0.35
0.569431658866473 144 0.35
