0.648223523848267 1 0.35
0.70320250692005 2 0.35
0.693217233871564 3 0.35
0.689538307096716 4 0.35
0.634428431233769 5 0.35
0.606434246023934 6 0.35
0.558046277171717 7 0.35
0.486710688177574 8 0.35
0.473968270380196 9 0.35
0.378921212519879 10 0.35
0.454017806789935 11 0.35
0.488461007461014 12 0.35
0.578378010442043 13 0.35
0.638232002418528 14 0.35
0.669735753145308 15 0.35
0.64548505468358 16 0.35
0.611081101560293 17 0.35
0.522848840466739 18 0.35
0.481341955598055 19 0.35
0.455381750937813 20 0.35
0.40780358649451 21 0.35
0.421198052666554 22 0.35
0.54003937551976 23 0.35
0.597648361923834 24 0.35
0.640844424020868 25 0.35
0.730718093219164 26 0.35
0.827543771011252 27 0.35
0.792255198626977 28 0.35
0.700686529384022 29 0.35
0.56437277147584 30 0.35
0.429213141867835 31 0.35
0.456889764873434 32 0.35
0.628025675180367 33 0.35
0.583201145064166 34 0.35
0.480162017102472 35 0.35
0.510304343817786 36 0.35
0.536739029765013 37 0.35
0.614465534173074 38 0.35
0.622185782149058 39 0.35
0.644409078646388 40 0.35
0.599115535081752 41 0.35
0.609042750798335 42 0.35
0.55793971307857 43 0.35
0.484769829950608 44 0.35
0.520170070939732 45 0.35
0.5268620558689 46 0.35
0.607550282159464 47 0.35
0.625371182340546 48 0.35
0.679524080824669 49 0.35
0.722152453961804 50 0.35
0.705121136876121 51 0.35
0.679602364807163 52 0.35
0.746834715428113 53 0.35
0.743866654689463 54 0.35
0.712395929258216 55 0.35
0.612677476591745 56 0.35
0.65915022117033 57 0.35
0.669846993790438 58 0.35
0.722708999186264 59 0.35
0.704852539148916 60 0.35
0.688474010447978 61 0.35
0.794900643208119 62 0.35
0.76122878824764 63 0.35
0.770107423864339 64 0.35
0.750594976789401 65 0.35
0.664989029638642 66 0.35
0.604492835316342 67 0.35
0.634960360818109 68 0.35
0.556211910803596 69 0.35
0.596600015849366 70 0.35
0.45031617254157 71 0.35
0.574781076672687 72 0.35
0.627937357013039 73 0.35
0.600114016401844 74 0.35
0.635469378423498 75 0.35
0.642020759528369 76 0.35
0.587548481006878 77 0.35
0.565691711495261 78 0.35
0.5226749121793 79 0.35
0.54333555764568 80 0.35
0.548142509909544 81 0.35
0.538627957247864 82 0.35
0.566724980333142 83 0.35
0.616692283352248 84 0.35
0.685569021942051 85 0.35
0.727880376496376 86 0.35
0.827486924847566 87 0.35
0.822427871495407 88 0.35
0.677764191285247 89 0.35
0.640231718453306 90 0.35
0.635356328095525 91 0.35
0.584255589894156 92 0.35
0.481345664968676 93 0.35
0.450599485867609 94 0.35
0.567340654064547 95 0.35
0.618704797253192 96 0.35
0.646733636569896 97 0.35
0.688013383198181 98 0.35
0.685875032102792 99 0.35
0.66380657790882 100 0.35
0.639876016816855 101 0.35
0.615061598962721 102 0.35
0.567282795569075 103 0.35
0.631172997933115 104 0.35
0.548425008992291 105 0.35
0.522699007537281 106 0.35
0.582262151410965 107 0.35
0.578857981499831 108 0.35
0.619124850062142 109 0.35
0.646949087226561 110 0.35
0.636933745140504 111 0.35
0.595101125369755 112 0.35
0.578773965648633 113 0.35
0.52918743279718 114 0.35
0.467152063914173 115 0.35
0.435131632874795 116 0.35
0.460853699409717 117 0.35
0.446579013263748 118 0.35
0.485851876019405 119 0.35
0.563854175218577 120 0.35
0.583968953638548 121 0.35
0.59912179084945 122 0.35
0.608421518357705 123 0.35
0.612554342730873 124 0.35
0.610334841700974 125 0.35
0.56840813008937 126 0.35
0.511438569142798 127 0.35
0.45024716246602 128 0.35
0.477820561221131 129 0.35
0.609617336197293 130 0.35
0.694591047736329 131 0.35
0.656379948186853 132 0.35
0.702705624539154 133 0.35
0.770911059434681 134 0.35
0.761155535484108 135 0.35
0.777353819628553 136 0.35
0.796614651943846 137 0.35
0.741642737392463 138 0.35
0.72441088542959 139 0.35
0.655817445428735 140 0.35
0.595073025838801 141 0.35
0.549674190490239 142 0.35
0.566603821855772 143 0.35
0.654283190986346 144 0.35
