0.601482523438033 1 0.35
0.597274526287528 2 0.35
0.58136001551996 3 0.35
0.616661586986285 4 0.35
0.601554148380506 5 0.35
0.690207410238069 6 0.35
0.648698613570694 7 0.35
0.552084731427829 8 0.35
0.444584896175315 9 0.35
0.415341090560784 10 0.35
0.395941768715305 11 0.35
0.539511821490513 12 0.35
0.656632082775509 13 0.35
0.747438491311347 14 0.35
0.764094712000113 15 0.35
0.714008171763004 16 0.35
0.526087379939595 17 0.35
0.421397906565706 18 0.35
0.33689591183083 19 0.35
0.282796410973214 20 0.35
0.334771670959119 21 0.35
0.363228097069288 22 0.35
0.415769636204428 23 0.35
0.478487395236571 24 0.35
0.531533580446236 25 0.35
0.583930834338306 26 0.35
0.595785938866819 27 0.35
0.670652664392447 28 0.35
0.572119142311206 29 0.35
0.538480823914916 30 0.35
0.393470186070433 31 0.35
0.268746420543272 32 0.35
0.261281752073042 33 0.35
0.367945350956469 34 0.35
0.521890126468426 35 0.35
0.57061196416085 36 0.35
0.678789796838903 37 0.35
0.689487380269209 38 0.35
0.722209115390659 39 0.35
0.717942127722718 40 0.35
0.77386483511414 41 0.35
0.650317214434563 42 0.35
0.519400610180155 43 0.35
0.449505697780466 44 0.35
0.42791040572297 45 0.35
0.449901682655814 46 0.35
0.489826977160304 47 0.35
0.650710337550373 48 0.35
0.674114140794985 49 0.35
0.655816269096465 50 0.35
0.628313077241307 51 0.35
0.620075696779425 52 0.35
0.617085518649544 53 0.35
0.632045321118625 54 0.35
0.507429885814524 55 0.35
0.483821436253897 56 0.35
0.416297990766689 57 0.35
0.4179930314314 58 0.35
0.394548948720131 59 0.35
0.431330585384276 60 0.35
0.438239294572037 61 0.35
0.497967621428701 62 0.35
0.527501347483421 63 0.35
0.508296487285503 64 0.35
0.51669714973406 65 0.35
0.58154371122387 66 0.35
0.639296154132428 67 0.35
0.625435979116408 68 0.35
0.61184426525592 69 0.35
0.560212057708594 70 0.35
0.573023242068396 71 0.35
0.633738260392711 72 0.35
0.651740105274761 73 0.35
0.680292877751352 74 0.35
0.589933477173705 75 0.35
0.609615615793125 76 0.35
0.661247515280787 77 0.35
0.62857295077365 78 0.35
0.547244762480545 79 0.35
0.473463352783618 80 0.35
0.339270338744128 81 0.35
0.359988578768207 82 0.35
0.421368026860261 83 0.35
0.511248348444316 84 0.35
0.567920823188964 85 0.35
0.606810514907262 86 0.35
0.650253368322739 87 0.35
0.638827718402228 88 0.35
0.656412324167464 89 0.35
0.635299509871942 90 0.35
0.557066039764602 91 0.35
0.469259401012575 92 0.35
0.465644660434885 93 0.35
0.457638390867333 94 0.35
0.393437374356953 95 0.35
0.464902113634637 96 0.35
0.526347376215292 97 0.35
0.665751877314079 98 0.35
0.635054022443655 99 0.35
0.551657945648964 100 0.35
0.560071609534596 101 0.35
0.55610140579178 102 0.35
0.549082744343593 103 0.35
0.500309707467606 104 0.35
0.57521001757865 105 0.35
0.647630177619886 106 0.35
0.675092971340422 107 0.35
0.647033857909686 108 0.35
0.64986188892575 109 0.35
0.643571119880586 110 0.35
0.669866596324982 111 0.35
0.666419564680871 112 0.35
0.639225005227303 113 0.35
0.59568013717201 114 0.35
0.623700930136741 115 0.35
0.613804260560862 116 0.35
0.540689185836841 117 0.35
0.536679585703923 118 0.35
0.588409978653865 119 0.35
0.653095954709751 120 0.35
0.704926083117007 121 0.35
0.62577107932804 122 0.35
0.586173134684922 123 0.35
0.639123908475943 124 0.35
0.586388801739026 125 0.35
0.56012693012457 126 0.35
0.474061300132547 127 0.35
0.419005231826433 128 0.35
0.466555388132961 129 0.35
0.445722373470056 130 0.35
0.514745184550954 131 0.35
0.559787671917973 132 0.35
0.657908702759803 133 0.35
0.700958958634841 134 0.35
0.721419347591314 135 0.35
0.731135666811924 136 0.35
0.631422623796875 137 0.35
0.576493568597696 138 0.35
0.592160395219883 139 0.35
0.542744877289359 140 0.35
0.469623983400011 141 0.35
0.380629533959186 142 0.35
0.405739370996188 143 0.35
0.458145429144376 144 0.35
