0.59444756088391 1 0.35
0.624843442344804 2 0.35
0.608901927345403 3 0.35
0.594262761876254 4 0.35
0.580147081762419 5 0.35
0.533716720057958 6 0.35
0.482361994676189 7 0.35
0.483073796302226 8 0.35
0.495408665149597 9 0.35
0.541333875674335 10 0.35
0.621409184214083 11 0.35
0.634725789840629 12 0.35
0.595570503981789 13 0.35
0.649845879208118 14 0.35
0.653215563018245 15 0.35
0.647406345442433 16 0.35
0.722512323731821 17 0.35
0.585989051847546 18 0.35
0.745866348081457 19 0.35
0.476103711293742 20 0.35
0.45706965614669 21 0.35
0.502251320045896 22 0.35
0.555099011273639 23 0.35
0.651480358074302 24 0.35
0.636636137446036 25 0.35
0.632146202544807 26 0.35
0.679707826956588 27 0.35
0.673892495426548 28 0.35
0.622549052278514 29 0.35
0.603465241042302 30 0.35
0.640569976389757 31 0.35
0.576608024851339 32 0.35
0.567709918351493 33 0.35
0.605813885698342 34 0.35
0.521015818426674 35 0.35
0.547542415786799 36 0.35
0.560017826000485 37 0.35
0.678935857288994 38 0.35
0.67890883057563 39 0.35
0.631907799049177 40 0.35
0.61841983582976 41 0.35
0.620985953962314 42 0.35
0.605222454827903 43 0.35
0.577134243662141 44 0.35
0.461308421353516 45 0.35
0.429649691910847 46 0.35
0.404108308932539 47 0.35
0.486006676024363 48 0.35
0.541752087676496 49 0.35
0.660898672198099 50 0.35
0.692975153119679 51 0.35
0.649590397661155 52 0.35
0.630678413973881 53 0.35
0.593019911140003 54 0.35
0.55452986404951 55 0.35
0.520781864796789 56 0.35
0.491519838734754 57 0.35
0.56980750677 58 0.35
0.590816195805994 59 0.35
0.612218289289182 60 0.35
0.604272593291256 61 0.35
0.658613687069242 62 0.35
0.731297303931832 63 0.35
0.781866141595473 64 0.35
0.715590649178959 65 0.35
0.740267186380369 66 0.35
0.655798383126134 67 0.35
0.602042206065026 68 0.35
0.649389225863894 69 0.35
0.72466870961856 70 0.35
0.672019733765517 71 0.35
0.701789808743643 72 0.35
0.670317275276254 73 0.35
0.694480778654829 74 0.35
0.688466604601632 75 0.35
0.66189893526187 76 0.35
0.624218419842908 77 0.35
0.594176070681296 78 0.35
0.599128614030348 79 0.35
0.526922025647482 80 0.35
0.423528965133821 81 0.35
0.52900713080938 82 0.35
0.613294094876213 83 0.35
0.644480486620314 84 0.35
0.686429539612877 85 0.35
0.698410730117078 86 0.35
0.687692801853376 87 0.35
0.651300551330321 88 0.35
0.643472254853727 89 0.35
0.609287132989732 90 0.35
0.44616041431749 91 0.35
0.417893795088557 92 0.35
0.547513633788946 93 0.35
0.477423158482597 94 0.35
0.430229744484297 95 0.35
0.477921497879221 96 0.35
0.586440859939885 97 0.35
0.645961865345427 98 0.35
0.808207310162043 99 0.35
0.795570171706607 100 0.35
0.758000712240392 101 0.35
0.779720058219343 102 0.35
0.669802862715863 103 0.35
0.598812727716541 104 0.35
0.647271694990583 105 0.35
0.459545079152105 106 0.35
0.504538737454654 107 0.35
0.544565750301217 108 0.35
0.632624687915275 109 0.35
0.672472744131569 110 0.35
0.630944238931086 111 0.35
0.624169818388034 112 0.35
0.675114911206697 113 0.35
0.626595360887054 114 0.35
0.513670304519454 115 0.35
0.542577546809899 116 0.35
0.533578634837804 117 0.35
0.549576804624868 118 0.35
0.524737110485172 119 0.35
0.601651478461348 120 0.35
0.733641189544928 121 0.35
0.733806076385496 122 0.35
0.751800156326037 123 0.35
0.727927318908662 124 0.35
0.685211960236021 125 0.35
0.707310817779531 126 0.35
0.654056784858958 127 0.35
0.665025000215862 128 0.35
0.654419861326442 129 0.35
0.61732630127754 130 0.35
0.680232023931433 131 0.35
0.771504667396456 132 0.35
0.70885804782737 133 0.35
0.732710884053926 134 0.35
0.684008348417124 135 0.35
0.709978587550907 136 0.35
0.652828273963202 137 0.35
0.556549481630787 138 0.35
0.477856214248122 139 0.35
0.409967640250538 140 0.35
0.451813039462306 141 0.35
0.461595911708439 142 0.35
0.544996447819189 143 0.35
0.635901125219125 144 0.35
