0.707401612368682 1 0.35
0.705915811751239 2 0.35
0.713688459068434 3 0.35
0.708756961231995 4 0.35
0.651669765773655 5 0.35
0.680247814280653 6 0.35
0.711491344544659 7 0.35
0.715544198846118 8 0.35
0.716768182824618 9 0.35
0.724601447198072 10 0.35
0.638783815683083 11 0.35
0.55218766920667 12 0.35
0.629140098553796 13 0.35
0.671483195684905 14 0.35
0.671290976290375 15 0.35
0.664140646109931 16 0.35
0.680966031501688 17 0.35
0.750645612613058 18 0.35
0.67030854398629 19 0.35
0.579415233031825 20 0.35
0.602683307297567 21 0.35
0.643587130946206 22 0.35
0.669936886727346 23 0.35
0.596793432525511 24 0.35
0.675988821860029 25 0.35
0.65985262486027 26 0.35
0.702879226944375 27 0.35
0.632600895738237 28 0.35
0.578108747753282 29 0.35
0.559026532191039 30 0.35
0.456284034767099 31 0.35
0.410325725650547 32 0.35
0.396150478442193 33 0.35
0.404925357168286 34 0.35
0.427304288032708 35 0.35
0.42727067558112 36 0.35
0.593535472296506 37 0.35
0.614425209096974 38 0.35
0.648423808947341 39 0.35
0.697586288642006 40 0.35
0.663515721695383 41 0.35
0.711186374466609 42 0.35
0.608245689789206 43 0.35
0.644868162325401 44 0.35
0.508551098551747 45 0.35
0.508103018514767 46 0.35
0.484577072308303 47 0.35
0.420109862147479 48 0.35
0.46416029190734 49 0.35
0.483558573524905 50 0.35
0.487140338489073 51 0.35
0.548117059099887 52 0.35
0.586070592498029 53 0.35
0.49951007649188 54 0.35
0.441223119248669 55 0.35
0.415845333641167 56 0.35
0.478141040715374 57 0.35
0.494654934359203 58 0.35
0.545339065839852 59 0.35
0.558905882181515 60 0.35
0.55097201228506 61 0.35
0.570497171337972 62 0.35
0.561408740164722 63 0.35
0.539534819291734 64 0.35
0.578227909772537 65 0.35
0.557670087132495 66 0.35
0.511420919506532 67 0.35
0.440064694085541 68 0.35
0.423571803546963 69 0.35
0.425317868748968 70 0.35
0.499076059940558 71 0.35
0.573774782699724 72 0.35
0.640729982286255 73 0.35
0.699410287230291 74 0.35
0.663839228441639 75 0.35
0.743295836390617 76 0.35
0.675921233397688 77 0.35
0.604456395398454 78 0.35
0.578518481451931 79 0.35
0.666606619754718 80 0.35
0.705364923350345 81 0.35
0.670130820278246 82 0.35
0.549035882103541 83 0.35
0.575359558882226 84 0.35
0.658402230338301 85 0.35
0.61279056962282 86 0.35
0.648801472697889 87 0.35
0.652875223286087 88 0.35
0.62245220594078 89 0.35
0.604714809626678 90 0.35
0.528411044089296 91 0.35
0.546221686935405 92 0.35
0.399490243545375 93 0.35
0.478052131012348 94 0.35
0.444100319052101 95 0.35
0.440269927659062 96 0.35
0.519130330567151 97 0.35
0.521555607637412 98 0.35
0.528597328711764 99 0.35
0.529136729975882 100 0.35
0.485753336491949 101 0.35
0.521046964948002 102 0.35
0.404314074817831 103 0.35
0.427179260312356 104 0.35
0.389081898082857 105 0.35
0.403268783742109 106 0.35
0.604976431105095 107 0.35
0.743104707335296 108 0.35
0.796210019897993 109 0.35
0.822126366422575 110 0.35
0.784772921580496 111 0.35
0.819729300237652 112 0.35
0.79082143687469 113 0.35
0.726619016191952 114 0.35
0.636687642690103 115 0.35
0.722560972393035 116 0.35
0.622172746218768 117 0.35
0.481907457986088 118 0.35
0.464467503605844 119 0.35
0.428029809734117 120 0.35
0.481051910377483 121 0.35
0.528699302954636 122 0.35
0.605267432119704 123 0.35
0.574493180210717 124 0.35
0.552309788410926 125 0.35
0.572593204586577 126 0.35
0.626209324254646 127 0.35
0.657669432338273 128 0.35
0.592443196829157 129 0.35
0.612934865160111 130 0.35
0.507573246473036 131 0.35
0.578577490319182 132 0.35
0.655267844243375 133 0.35
0.728795151466929 134 0.35
0.791275158673219 135 0.35
0.699518279995015 136 0.35
0.706373167462075 137 0.35
0.693445987999439 138 0.35
0.568927705768549 139 0.35
0.606767099265607 140 0.35
0.580027452724635 141 0.35
0.574314895862397 142 0.35
0.593244865377034 143 0.35
0.61759437400852 144 0.35
