0.591773927401289 1 0.35
0.687546090340766 2 0.35
0.8275655442475 3 0.35
0.743352373772571 4 0.35
0.692062649820784 5 0.35
0.62660382889391 6 0.35
0.596046302753936 7 0.35
0.676072554322813 8 0.35
0.68880122998135 9 0.35
0.724722973295451 10 0.35
0.691341746915921 11 0.35
0.682551346033601 12 0.35
0.604715805794126 13 0.35
0.63248983443769 14 0.35
0.711433333315822 15 0.35
0.604165450672952 16 0.35
0.520745647967326 17 0.35
0.496679097450342 18 0.35
0.389066866834595 19 0.35
0.319319882215358 20 0.35
0.284957567726231 21 0.35
0.251823554217182 22 0.35
0.218497738245764 23 0.35
0.273933952981198 24 0.35
0.369690023477533 25 0.35
0.433967722384557 26 0.35
0.545805808865745 27 0.35
0.604803218436022 28 0.35
0.595653214400368 29 0.35
0.61287876091356 30 0.35
0.59653370796009 31 0.35
0.476981299105556 32 0.35
0.400226406696657 33 0.35
0.400782787871891 34 0.35
0.554861754522131 35 0.35
0.685769793120322 36 0.35
0.695693906791425 37 0.35
0.729821892234764 38 0.35
0.722550077655626 39 0.35
0.729554664583297 40 0.35
0.724085916570131 41 0.35
0.709610048907781 42 0.35
0.572490317447396 43 0.35
0.464867407618484 44 0.35
0.384324609395867 45 0.35
0.461138848434283 46 0.35
0.52972138327297 47 0.35
0.604490494007418 48 0.35
0.647137305421918 49 0.35
0.59457240890662 50 0.35
0.593990640939578 51 0.35
0.551871810747208 52 0.35
0.511843241855745 53 0.35
0.553929311282275 54 0.35
0.541755051471295 55 0.35
0.543960774807998 56 0.35
0.52118819136014 57 0.35
0.438317993213819 58 0.35
0.43514368188074 59 0.35
0.529231641339229 60 0.35
0.642154649338904 61 0.35
0.648618262583131 62 0.35
0.657044077532938 63 0.35
0.582710528855907 64 0.35
0.516239516452268 65 0.35
0.508585586177281 66 0.35
0.412395124219879 67 0.35
0.404376089101482 68 0.35
0.397474795936208 69 0.35
0.47701606330182 70 0.35
0.567675399052305 71 0.35
0.612673652877435 72 0.35
0.709486300932292 73 0.35
0.713052885254796 74 0.35
0.712963490710096 75 0.35
0.699740818053969 76 0.35
0.717404908343857 77 0.35
0.673101285809908 78 0.35
0.621752289862477 79 0.35
0.579974726713112 80 0.35
0.589351193370028 81 0.35
0.568046980522028 82 0.35
0.557376096920111 83 0.35
0.586867447511064 84 0.35
0.667906470452263 85 0.35
0.685295064590708 86 0.35
0.697884523313727 87 0.35
0.725940878590037 88 0.35
0.678263876481546 89 0.35
0.648755321947214 90 0.35
0.502202189397769 91 0.35
0.486086636028265 92 0.35
0.476607855328203 93 0.35
0.398275486534515 94 0.35
0.405045370319283 95 0.35
0.499402136931086 96 0.35
0.547546790872814 97 0.35
0.655931447575984 98 0.35
0.682909691989414 99 0.35
0.680496989148568 100 0.35
0.524408980749708 101 0.35
0.513259419812349 102 0.35
0.475046853761619 103 0.35
0.493660340533398 104 0.35
0.611731258095549 105 0.35
0.597610249491625 106 0.35
0.537137863007342 107 0.35
0.594254406297988 108 0.35
0.639046388030638 109 0.35
0.666271824026882 110 0.35
0.711671285562493 111 0.35
0.658066624260896 112 0.35
0.618248770631841 113 0.35
0.569563924767558 114 0.35
0.489428711511385 115 0.35
0.559613034388006 116 0.35
0.53688322511857 117 0.35
0.622393492311955 118 0.35
0.658500646871012 119 0.35
0.627634495258193 120 0.35
0.696547595770737 121 0.35
0.729250584614415 122 0.35
0.702334260145371 123 0.35
0.690025613368658 124 0.35
0.649147112934653 125 0.35
0.600806796123111 126 0.35
0.740240894451462 127 0.35
0.695959228506787 128 0.35
0.7076638944644 129 0.35
0.715240849674282 130 0.35
0.71255304052584 131 0.35
0.664533313538395 132 0.35
0.797495362236512 133 0.35
0.711509149421861 134 0.35
0.714762648207671 135 0.35
0.724283271629148 136 0.35
0.668083931804033 137 0.35
0.630040600271823 138 0.35
0.578811523188382 139 0.35
0.447315699101321 140 0.35
0.429989604182345 141 0.35
0.448309204386 142 0.35
0.443399333216168 143 0.35
0.484419260877273 144 0.35
