0.726486956338982 1 0.35
0.822044988322168 2 0.35
0.827587867986903 3 0.35
0.769830179361847 4 0.35
0.807090169229912 5 0.35
0.72847362668927 6 0.35
0.608009925267468 7 0.35
0.580988317644597 8 0.35
0.63023117673213 9 0.35
0.491823223441951 10 0.35
0.53009186039062 11 0.35
0.701684648361219 12 0.35
0.663521044792395 13 0.35
0.702671821316496 14 0.35
0.644571863202624 15 0.35
0.652600943792297 16 0.35
0.716438799301859 17 0.35
0.603662816185179 18 0.35
0.522010233712517 19 0.35
0.58023699981713 20 0.35
0.6029299345255 21 0.35
0.624622356855869 22 0.35
0.493396977470083 23 0.35
0.642621414903623 24 0.35
0.616730534396561 25 0.35
0.610024752683069 26 0.35
0.669207887011935 27 0.35
0.655543423817249 28 0.35
0.623742582008864 29 0.35
0.568908701250756 30 0.35
0.54904810200095 31 0.35
0.484167699506767 32 0.35
0.385396899542311 33 0.35
0.393610807872788 34 0.35
0.457023011435509 35 0.35
0.428258482796767 36 0.35
0.485653568379669 37 0.35
0.509550922991024 38 0.35
0.559578675609021 39 0.35
0.578361409044384 40 0.35
0.584204090303325 41 0.35
0.541879731459851 42 0.35
0.470013853383018 43 0.35
0.490523052571242 44 0.35
0.339704087550594 45 0.35
0.385031088905857 46 0.35
0.430178120211944 47 0.35
0.497227829206892 48 0.35
0.508127041238781 49 0.35
0.519119564743888 50 0.35
0.598636436550387 51 0.35
0.579446770523762 52 0.35
0.538572308083433 53 0.35
0.42911322615126 54 0.35
0.424441035621662 55 0.35
0.424477314001287 56 0.35
0.363709369286093 57 0.35
0.403073997395716 58 0.35
0.435371091058589 59 0.35
0.503123158270646 60 0.35
0.59373066916017 61 0.35
0.603884858159951 62 0.35
0.592913594547017 63 0.35
0.608620403462231 64 0.35
0.647531855390312 65 0.35
0.535573094045328 66 0.35
0.546036251486429 67 0.35
0.534625363918149 68 0.35
0.506922430464974 69 0.35
0.528056909069032 70 0.35
0.452556702426655 71 0.35
0.553249409656754 72 0.35
0.571776467416226 73 0.35
0.611300628794636 74 0.35
0.664028455142285 75 0.35
0.638438883098008 76 0.35
0.622272971498591 77 0.35
0.520048511494602 78 0.35
0.543665011556904 79 0.35
0.492730831427344 80 0.35
0.506838545832337 81 0.35
0.497534694425757 82 0.35
0.541106846157859 83 0.35
0.580694539080819 84 0.35
0.561677938894077 85 0.35
0.586314342502165 86 0.35
0.576915184802426 87 0.35
0.586528610331668 88 0.35
0.543365851966789 89 0.35
0.581150538443259 90 0.35
0.442211627639066 91 0.35
0.451293748095002 92 0.35
0.470016724734996 93 0.35
0.47169369499059 94 0.35
0.482529838315542 95 0.35
0.536820864917206 96 0.35
0.551452260781126 97 0.35
0.593256345459317 98 0.35
0.558311886142553 99 0.35
0.505238398393544 100 0.35
0.500625292255675 101 0.35
0.448234125117857 102 0.35
0.532737707470944 103 0.35
0.450423017849713 104 0.35
0.445216409866154 105 0.35
0.469893061976302 106 0.35
0.490939765854871 107 0.35
0.581534475897538 108 0.35
0.605375438632969 109 0.35
0.614516795777361 110 0.35
0.67176158980536 111 0.35
0.66928837418072 112 0.35
0.76072890635591 113 0.35
0.753111840484082 114 0.35
0.745826762436685 115 0.35
0.616323978775789 116 0.35
0.494558501097418 117 0.35
0.489261671826896 118 0.35
0.499933735627958 119 0.35
0.559847046342021 120 0.35
0.599001187607293 121 0.35
0.656779954573521 122 0.35
0.605333358231406 123 0.35
0.519581628443124 124 0.35
0.48297759597104 125 0.35
0.473318540360254 126 0.35
0.51801470688771 127 0.35
0.537141110852037 128 0.35
0.478102967968429 129 0.35
0.534659270800457 130 0.35
0.593618665635762 131 0.35
0.752008393312719 132 0.35
0.664146847968454 133 0.35
0.705829979655707 134 0.35
0.769514073256612 135 0.35
0.769720094394292 136 0.35
0.764362175942458 137 0.35
0.728936504303969 138 0.35
0.718743491711167 139 0.35
0.64521184459238 140 0.35
0.486688133582836 141 0.35
0.490987291362491 142 0.35
0.440951559815823 143 0.35
0.516311785019628 144 0.35
