0.464373397675058 1 0.35
0.491826575654592 2 0.35
0.517916182758635 3 0.35
0.574357487887756 4 0.35
0.481804202781136 5 0.35
0.440048890022723 6 0.35
0.399745454636826 7 0.35
0.383214929338258 8 0.35
0.294895775124064 9 0.35
0.365520421458278 10 0.35
0.384845967454545 11 0.35
0.418602138617498 12 0.35
0.412838606582396 13 0.35
0.392106982651048 14 0.35
0.46525706618159 15 0.35
0.466391532006401 16 0.35
0.39551317353916 17 0.35
0.306338168700481 18 0.35
0.201887051423366 19 0.35
0.218260851711272 20 0.35
0.22984377956568 21 0.35
0.322810514715212 22 0.35
0.362612831928904 23 0.35
0.392067405489799 24 0.35
0.452991318395563 25 0.35
0.54004989626473 26 0.35
0.589351099711201 27 0.35
0.614561227129661 28 0.35
0.47824952452246 29 0.35
0.408009860196721 30 0.35
0.347224528253526 31 0.35
0.351098107703703 32 0.35
0.35417563966607 33 0.35
0.259991080942508 34 0.35
0.345565947145019 35 0.35
0.38809531667197 36 0.35
0.447741904068702 37 0.35
0.461990991914053 38 0.35
0.492524516543865 39 0.35
0.387168909735024 40 0.35
0.460793759769575 41 0.35
0.393637736820017 42 0.35
0.283805089456926 43 0.35
0.260116404038863 44 0.35
0.281390643713393 45 0.35
0.247598372410873 46 0.35
0.351364116427628 47 0.35
0.470719736814776 48 0.35
0.428678119905912 49 0.35
0.463859638227125 50 0.35
0.440484872848105 51 0.35
0.485130587106075 52 0.35
0.525236172904629 53 0.35
0.514622203167245 54 0.35
0.442010541937857 55 0.35
0.383858493387674 56 0.35
0.297589929555521 57 0.35
0.317128813856001 58 0.35
0.358616265242935 59 0.35
0.427085186966189 60 0.35
0.471674659005971 61 0.35
0.487028361752037 62 0.35
0.507146377599997 63 0.35
0.457972850751031 64 0.35
0.339141928241851 65 0.35
0.317272857399604 66 0.35
0.316856074212634 67 0.35
0.321853474190556 68 0.35
0.341434254420933 69 0.35
0.324521366399048 70 0.35
0.433134661769041 71 0.35
0.457161714691433 72 0.35
0.509353918265138 73 0.35
0.527624340236298 74 0.35
0.502712518000047 75 0.35
0.517519306889086 76 0.35
0.499268547216036 77 0.35
0.468846252359161 78 0.35
0.413815969848322 79 0.35
0.393805759521834 80 0.35
0.415274708707516 81 0.35
0.44898908426839 82 0.35
0.491317410648943 83 0.35
0.528365936845797 84 0.35
0.630809663314917 85 0.35
0.574134966930088 86 0.35
0.598991066347044 87 0.35
0.593108540583267 88 0.35
0.543786116437146 89 0.35
0.532669163270612 90 0.35
0.529487722226746 91 0.35
0.537050728463039 92 0.35
0.468679818533377 93 0.35
0.522724536172474 94 0.35
0.596451193015491 95 0.35
0.682731472156305 96 0.35
0.700255914182756 97 0.35
0.752800638923898 98 0.35
0.810825822879087 99 0.35
0.766010365898151 100 0.35
0.7848440676164 101 0.35
0.6905247199224 102 0.35
0.520568802141979 103 0.35
0.584260012668181 104 0.35
0.607399487894979 105 0.35
0.619796790137766 106 0.35
0.624080255849851 107 0.35
0.582416917515403 108 0.35
0.596708498780958 109 0.35
0.64763278673197 110 0.35
0.691301815250314 111 0.35
0.711973957585058 112 0.35
0.70474401560653 113 0.35
0.687659348729326 114 0.35
0.590114906737359 115 0.35
0.520668854669088 116 0.35
0.471382717542444 117 0.35
0.486128337709243 118 0.35
0.458246267537895 119 0.35
0.496996762858729 120 0.35
0.559321876308035 121 0.35
0.556960495095895 122 0.35
0.618082262196371 123 0.35
0.648948564003492 124 0.35
0.699914190666022 125 0.35
0.684216693672633 126 0.35
0.705516144171095 127 0.35
0.589848834644141 128 0.35
0.574465461525511 129 0.35
0.661550351187541 130 0.35
0.684373820926946 131 0.35
0.629698880809807 132 0.35
0.673961935138461 133 0.35
0.747514836380587 134 0.35
0.735306875377657 135 0.35
0.777774474719766 136 0.35
0.769427170972788 137 0.35
0.728883527947182 138 0.35
0.623244893799652 139 0.35
0.625356870301051 140 0.35
0.600907726722504 141 0.35
0.563674595607615 142 0.35
0.532377743931769 143 0.35
0.556386638232506 144 0.35
