0.767154128711147 1 0.35
0.744942900386396 2 0.35
0.770442046988583 3 0.35
0.750190708093111 4 0.35
0.713559067432314 5 0.35
0.575942666952255 6 0.35
0.548988445709509 7 0.35
0.448808943993222 8 0.35
0.414583015423475 9 0.35
0.47577731790079 10 0.35
0.541929419212491 11 0.35
0.529119251479273 12 0.35
0.603965360235857 13 0.35
0.59676100542554 14 0.35
0.565342304267087 15 0.35
0.525327637148237 16 0.35
0.528196562270841 17 0.35
0.525030046592355 18 0.35
0.543800928197724 19 0.35
0.416206700023478 20 0.35
0.412106971361604 21 0.35
0.510239350018561 22 0.35
0.520703893694961 23 0.35
0.587790361850812 24 0.35
0.657827286579894 25 0.35
0.66787039781997 26 0.35
0.636173179292838 27 0.35
0.595709306979493 28 0.35
0.55434375516235 29 0.35
0.513123331944172 30 0.35
0.466736296811222 31 0.35
0.443955803243823 32 0.35
0.414816754990777 33 0.35
0.503935195144139 34 0.35
0.496568745732583 35 0.35
0.522997527107374 36 0.35
0.590464704388461 37 0.35
0.609206370363765 38 0.35
0.645836541364963 39 0.35
0.641417621785411 40 0.35
0.607637530830178 41 0.35
0.62975364942864 42 0.35
0.594682111994959 43 0.35
0.568973225526406 44 0.35
0.606967516276815 45 0.35
0.53911126292826 46 0.35
0.623378878682459 47 0.35
0.77146174374992 48 0.35
0.651032455525291 49 0.35
0.644981372178638 50 0.35
0.604742943821072 51 0.35
0.638138725248609 52 0.35
0.612723953050585 53 0.35
0.599688847580578 54 0.35
0.568675022448371 55 0.35
0.47602304226409 56 0.35
0.518472750628602 57 0.35
0.471879442669741 58 0.35
0.489717189529476 59 0.35
0.574764392197007 60 0.35
0.668846176145323 61 0.35
0.620481563524845 62 0.35
0.716542626270448 63 0.35
0.690060941910868 64 0.35
0.697207493530734 65 0.35
0.670428502780669 66 0.35
0.5202248991909 67 0.35
0.524990917756821 68 0.35
0.524222904183641 69 0.35
0.663771723020576 70 0.35
0.577389412043605 71 0.35
0.723627181445452 72 0.35
0.770533362960417 73 0.35
0.814952567199543 74 0.35
0.786299999905241 75 0.35
0.752546324067793 76 0.35
0.805998744368287 77 0.35
0.693845730105547 78 0.35
0.620382398811997 79 0.35
0.433929782728369 80 0.35
0.559543399611506 81 0.35
0.428227630522774 82 0.35
0.408709072683695 83 0.35
0.562296141089113 84 0.35
0.745226809529566 85 0.35
0.685232510178739 86 0.35
0.665552702850433 87 0.35
0.776421631544963 88 0.35
0.764880386283818 89 0.35
0.666824789535652 90 0.35
0.701871598330886 91 0.35
0.65062922941077 92 0.35
0.651618571245775 93 0.35
0.567541756754445 94 0.35
0.54227255128784 95 0.35
0.651140291292975 96 0.35
0.75719249045278 97 0.35
0.816978318387848 98 0.35
0.688116978698564 99 0.35
0.644963527500645 100 0.35
0.620747849812555 101 0.35
0.55206225496662 102 0.35
0.481823557945788 103 0.35
0.501145868016895 104 0.35
0.488157130664944 105 0.35
0.46745612734816 106 0.35
0.491306954417624 107 0.35
0.618971539159045 108 0.35
0.666399580052041 109 0.35
0.623245836028536 110 0.35
0.663925785698302 111 0.35
0.656436320795614 112 0.35
0.636059650863111 113 0.35
0.59247830899362 114 0.35
0.523010310387665 115 0.35
0.562170941623554 116 0.35
0.384967944408784 117 0.35
0.445993885187286 118 0.35
0.519898073276064 119 0.35
0.477853891857219 120 0.35
0.64348595212801 121 0.35
0.651006384979078 122 0.35
0.68992347121607 123 0.35
0.680093881248229 124 0.35
0.644960294060065 125 0.35
0.657729831733508 126 0.35
0.715042414724819 127 0.35
0.725014548833886 128 0.35
0.716821588007607 129 0.35
0.68003426234579 130 0.35
0.745291867520851 131 0.35
0.698227682692284 132 0.35
0.768457070903651 133 0.35
0.822095060302297 134 0.35
0.82462812554467 135 0.35
0.786412955912229 136 0.35
0.783302289534561 137 0.35
0.672859376706783 138 0.35
0.63103385359853 139 0.35
0.560916072001731 140 0.35
0.592073611555692 141 0.35
0.666048514162208 142 0.35
0.564481056562521 143 0.35
0.639799959309353 144 0.35
