0.6830447817788 1 0.35
0.715456725008242 2 0.35
0.6527742140183 3 0.35
0.597915746581047 4 0.35
0.629588759458564 5 0.35
0.658918964809432 6 0.35
0.568685886308803 7 0.35
0.5069814776804 8 0.35
0.670195988055373 9 0.35
0.596305077561553 10 0.35
0.453329305496274 11 0.35
0.5894034430564 12 0.35
0.718251703957414 13 0.35
0.718458736608583 14 0.35
0.628550761523098 15 0.35
0.66089145821331 16 0.35
0.683628270228075 17 0.35
0.717412333675555 18 0.35
0.74579129671272 19 0.35
0.724884493465109 20 0.35
0.625608563608959 21 0.35
0.724585784504664 22 0.35
0.691259168780525 23 0.35
0.581040431490008 24 0.35
0.549473195784693 25 0.35
0.578958615698481 26 0.35
0.572932326642095 27 0.35
0.531368409666627 28 0.35
0.522174439681684 29 0.35
0.459558532588771 30 0.35
0.435003617343305 31 0.35
0.504217859605246 32 0.35
0.529900981029297 33 0.35
0.512830992207903 34 0.35
0.556766305342381 35 0.35
0.590155317820591 36 0.35
0.598125713751946 37 0.35
0.630518112340964 38 0.35
0.702992566392263 39 0.35
0.709856659609145 40 0.35
0.648860218983735 41 0.35
0.591795888627484 42 0.35
0.58804336086778 43 0.35
0.51189077125086 44 0.35
0.447585582625065 45 0.35
0.56450909646055 46 0.35
0.581535102488718 47 0.35
0.497230314240913 48 0.35
0.519011018994354 49 0.35
0.555034471254018 50 0.35
0.531273938221264 51 0.35
0.568246726419802 52 0.35
0.507085426830972 53 0.35
0.47041317005305 54 0.35
0.392836869999857 55 0.35
0.36366146737088 56 0.35
0.361448185338562 57 0.35
0.399796397588144 58 0.35
0.598867063738034 59 0.35
0.555910349981859 60 0.35
0.611917838946397 61 0.35
0.655496735359474 62 0.35
0.621144267365988 63 0.35
0.57275578382831 64 0.35
0.497528477686268 65 0.35
0.456487916615976 66 0.35
0.30931322134483 67 0.35
0.294365897822828 68 0.35
0.307213327537547 69 0.35
0.315813752456882 70 0.35
0.397624717309086 71 0.35
0.501066591370695 72 0.35
0.609955073405582 73 0.35
0.635643345905275 74 0.35
0.650879662456237 75 0.35
0.600891657979202 76 0.35
0.57437537323043 77 0.35
0.528818014613539 78 0.35
0.535455498383057 79 0.35
0.531417980752296 80 0.35
0.551154742849515 81 0.35
0.525818696934484 82 0.35
0.499075578675685 83 0.35
0.574253627974148 84 0.35
0.645182635789762 85 0.35
0.701803740880306 86 0.35
0.712353458083033 87 0.35
0.697977478302047 88 0.35
0.651228209526758 89 0.35
0.633507956159017 90 0.35
0.656969212475223 91 0.35
0.611585461202481 92 0.35
0.696567776619231 93 0.35
0.713758248253376 94 0.35
0.732368234013052 95 0.35
0.651367596940202 96 0.35
0.652787880018752 97 0.35
0.777670991708631 98 0.35
0.727332902882397 99 0.35
0.637045201032932 100 0.35
0.653234490942598 101 0.35
0.494408962248578 102 0.35
0.444669202236662 103 0.35
0.362271377655904 104 0.35
0.306261588147549 105 0.35
0.326580358308961 106 0.35
0.335689736921701 107 0.35
0.388458937895762 108 0.35
0.498648184426824 109 0.35
0.522828772769137 110 0.35
0.554413668839158 111 0.35
0.605616919409519 112 0.35
0.614688251510585 113 0.35
0.651163521161574 114 0.35
0.604943472382812 115 0.35
0.660834953738345 116 0.35
0.603609705380952 117 0.35
0.546463386047282 118 0.35
0.621938075735568 119 0.35
0.689949469451104 120 0.35
0.726202484866881 121 0.35
0.645976227110251 122 0.35
0.642445057602486 123 0.35
0.589319793435482 124 0.35
0.562231862034187 125 0.35
0.554155251473845 126 0.35
0.525064067644937 127 0.35
0.480442465020326 128 0.35
0.553597722480752 129 0.35
0.561976384021881 130 0.35
0.582138335041318 131 0.35
0.65847266712962 132 0.35
0.591665838571957 133 0.35
0.6774169673631 134 0.35
0.710354514858142 135 0.35
0.676276681950721 136 0.35
0.597479458801747 137 0.35
0.646383668106044 138 0.35
0.625221002390462 139 0.35
0.555382846545267 140 0.35
0.544086850186876 141 0.35
0.492531407301986 142 0.35
0.612424092062374 143 0.35
0.636725748595807 144 0.35
