0.794248071363519 1 0.35
0.816332274324016 2 0.35
0.751341991840409 3 0.35
0.787504194133134 4 0.35
0.736108666000809 5 0.35
0.70776232897313 6 0.35
0.653408915332626 7 0.35
0.57259010528499 8 0.35
0.496115170312011 9 0.35
0.56172502444859 10 0.35
0.597858283128758 11 0.35
0.584499682294516 12 0.35
0.61897968880259 13 0.35
0.626841034652128 14 0.35
0.68508874732134 15 0.35
0.710217584048593 16 0.35
0.602710359731473 17 0.35
0.581327437385184 18 0.35
0.55639241848439 19 0.35
0.510590912488068 20 0.35
0.621734909896946 21 0.35
0.580455588749978 22 0.35
0.596996041253318 23 0.35
0.688242118863635 24 0.35
0.747420956062946 25 0.35
0.822045107804791 26 0.35
0.748190499462532 27 0.35
0.713374229183164 28 0.35
0.676136056426445 29 0.35
0.646630162869197 30 0.35
0.485658495094144 31 0.35
0.402545160979951 32 0.35
0.448095300324995 33 0.35
0.512148952663704 34 0.35
0.41543514851703 35 0.35
0.512659462318658 36 0.35
0.611961003886146 37 0.35
0.763019848661882 38 0.35
0.73862141104426 39 0.35
0.738191217261539 40 0.35
0.675813009898448 41 0.35
0.667357496877562 42 0.35
0.629578951593137 43 0.35
0.638889066500631 44 0.35
0.716840197316582 45 0.35
0.724574014685588 46 0.35
0.538713993812515 47 0.35
0.64254092043271 48 0.35
0.693989680746574 49 0.35
0.674009918915077 50 0.35
0.697509845822665 51 0.35
0.71421207843733 52 0.35
0.675544073049567 53 0.35
0.674469955313407 54 0.35
0.650516582431601 55 0.35
0.612544475812066 56 0.35
0.588124130571624 57 0.35
0.548785958966494 58 0.35
0.580966615432545 59 0.35
0.65573429444184 60 0.35
0.656622774939631 61 0.35
0.747934373694819 62 0.35
0.717405970903435 63 0.35
0.758390442987845 64 0.35
0.737579321028338 65 0.35
0.692898015483639 66 0.35
0.628252254459948 67 0.35
0.5360859097762 68 0.35
0.447047197594283 69 0.35
0.461768373365889 70 0.35
0.616435399417767 71 0.35
0.664224808964359 72 0.35
0.726763679913157 73 0.35
0.741905857867408 74 0.35
0.726104829560309 75 0.35
0.672077116851483 76 0.35
0.630274197180495 77 0.35
0.600119746931773 78 0.35
0.553390052591249 79 0.35
0.508883604199571 80 0.35
0.500341338497585 81 0.35
0.462296572281302 82 0.35
0.49402030329107 83 0.35
0.511296220820774 84 0.35
0.60616723941012 85 0.35
0.679775304764729 86 0.35
0.723836717846521 87 0.35
0.602869558774485 88 0.35
0.558056812701835 89 0.35
0.607193202865524 90 0.35
0.621032978523897 91 0.35
0.495929407526649 92 0.35
0.492940382955995 93 0.35
0.418305095138711 94 0.35
0.49708047462908 95 0.35
0.619735226216716 96 0.35
0.676418160059744 97 0.35
0.687621897977801 98 0.35
0.680706951640402 99 0.35
0.693798035860791 100 0.35
0.666773282231587 101 0.35
0.624076854084264 102 0.35
0.568375768313695 103 0.35
0.508801294179573 104 0.35
0.464104817553873 105 0.35
0.479735271068225 106 0.35
0.527628729729719 107 0.35
0.578140510667942 108 0.35
0.640740711655539 109 0.35
0.633431972260647 110 0.35
0.716486391581059 111 0.35
0.722542892313278 112 0.35
0.771694956637554 113 0.35
0.670975437109786 114 0.35
0.636307035430103 115 0.35
0.578552739576224 116 0.35
0.508857062500222 117 0.35
0.477550163477546 118 0.35
0.510061929086234 119 0.35
0.561707714149105 120 0.35
0.615291366165578 121 0.35
0.648292104213631 122 0.35
0.642816846186074 123 0.35
0.629814718327331 124 0.35
0.544903009967057 125 0.35
0.55932722335016 126 0.35
0.504025566290819 127 0.35
0.491034843295311 128 0.35
0.472914992121538 129 0.35
0.548374477190601 130 0.35
0.536158875654615 131 0.35
0.559837223398945 132 0.35
0.662549013566806 133 0.35
0.784518576920606 134 0.35
0.722007562905797 135 0.35
0.642814766709876 136 0.35
0.60982669145573 137 0.35
0.56881964876979 138 0.35
0.536492695462873 139 0.35
0.495252090295436 140 0.35
0.514767601197487 141 0.35
0.527769821255589 142 0.35
0.474557051634473 143 0.35
0.632375402750957 144 0.35
