0.528238809809319 1 0.35
0.554341948640578 2 0.35
0.550200073552719 3 0.35
0.485021448007946 4 0.35
0.457293993235542 5 0.35
0.386204425657856 6 0.35
0.389229110573752 7 0.35
0.368397954164303 8 0.35
0.477177040119135 9 0.35
0.546388178414579 10 0.35
0.630776113056106 11 0.35
0.697966439751049 12 0.35
0.70166184832378 13 0.35
0.756345575040327 14 0.35
0.664228436628523 15 0.35
0.745667834870627 16 0.35
0.699993819069147 17 0.35
0.642243059912001 18 0.35
0.541341201547548 19 0.35
0.518481021338588 20 0.35
0.486331935453549 21 0.35
0.564561788909768 22 0.35
0.614455130135413 23 0.35
0.701753922053145 24 0.35
0.706163351528024 25 0.35
0.72046668061949 26 0.35
0.678243753764028 27 0.35
0.651396975018027 28 0.35
0.707426617414758 29 0.35
0.663565697861187 30 0.35
0.550757711021119 31 0.35
0.53418420502735 32 0.35
0.43228937361408 33 0.35
0.428101674450525 34 0.35
0.488302272679297 35 0.35
0.562701869925534 36 0.35
0.632724012159651 37 0.35
0.678950889725973 38 0.35
0.654587411398048 39 0.35
0.686471077450936 40 0.35
0.641980711511237 41 0.35
0.522582378290873 42 0.35
0.458749215036139 43 0.35
0.474371291890583 44 0.35
0.415164689966535 45 0.35
0.379633141758846 46 0.35
0.468863274990676 47 0.35
0.475209836911723 48 0.35
0.561101068133501 49 0.35
0.574062321449244 50 0.35
0.617571533555578 51 0.35
0.649229893404655 52 0.35
0.680556034973936 53 0.35
0.656342252173417 54 0.35
0.630651456092005 55 0.35
0.642460105636695 56 0.35
0.626488478057876 57 0.35
0.59334919357527 58 0.35
0.740312728119615 59 0.35
0.690003806687682 60 0.35
0.739707135846283 61 0.35
0.749437615825076 62 0.35
0.721058315567803 63 0.35
0.696279905929474 64 0.35
0.638715641590632 65 0.35
0.592415640041734 66 0.35
0.520296701140492 67 0.35
0.445130828231446 68 0.35
0.371914079083942 69 0.35
0.356742669264786 70 0.35
0.435093757361525 71 0.35
0.496746253792151 72 0.35
0.527482827419262 73 0.35
0.622642209296332 74 0.35
0.656482974550063 75 0.35
0.667619304189073 76 0.35
0.637395158145119 77 0.35
0.684378536427718 78 0.35
0.623852810031082 79 0.35
0.59341723375569 80 0.35
0.500241387673147 81 0.35
0.66929662054078 82 0.35
0.676178128122981 83 0.35
0.670066257843009 84 0.35
0.748390061232458 85 0.35
0.810318938968643 86 0.35
0.7661399037094 87 0.35
0.801687483880521 88 0.35
0.751980289362752 89 0.35
0.571048474203009 90 0.35
0.569696653715256 91 0.35
0.543952100608825 92 0.35
0.526405667352442 93 0.35
0.465632454711128 94 0.35
0.508463233276522 95 0.35
0.537196085671281 96 0.35
0.625563552476225 97 0.35
0.736128655669285 98 0.35
0.762379506826887 99 0.35
0.702401661720884 100 0.35
0.706570134383036 101 0.35
0.645836038827199 102 0.35
0.589895664734164 103 0.35
0.565481881684842 104 0.35
0.551317652353779 105 0.35
0.553731191350043 106 0.35
0.598882106569382 107 0.35
0.548581911567586 108 0.35
0.586364062395925 109 0.35
0.646298456096757 110 0.35
0.681964918328914 111 0.35
0.622804256600903 112 0.35
0.658007122893928 113 0.35
0.784353963428289 114 0.35
0.480859349189775 115 0.35
0.471320712164361 116 0.35
0.512783711457792 117 0.35
0.557972940721464 118 0.35
0.559665123376199 119 0.35
0.596692968161196 120 0.35
0.723314854312665 121 0.35
0.731392344966281 122 0.35
0.648744298706185 123 0.35
0.587330307120153 124 0.35
0.445836711796184 125 0.35
0.350670505364558 126 0.35
0.320116464206962 127 0.35
0.286906650250446 128 0.35
0.264659724645124 129 0.35
0.293002801705169 130 0.35
0.331799686366859 131 0.35
0.39750614478686 132 0.35
0.639763428162851 133 0.35
0.720645608259948 134 0.35
0.734444878835266 135 0.35
0.735139961533095 136 0.35
0.648503925236306 137 0.35
0.563978204561194 138 0.35
0.474776821119169 139 0.35
0.421984738512243 140 0.35
0.460371281524444 141 0.35
0.482107422678923 142 0.35
0.566356442909595 143 0.35
0.580996007617437 144 0.35
