0.734815053565056 1 0.35
0.822128119668281 2 0.35
0.656006744292719 3 0.35
0.695411478575965 4 0.35
0.595049465088453 5 0.35
0.675042061699644 6 0.35
0.550683276289764 7 0.35
0.46767073592378 8 0.35
0.485294009940765 9 0.35
0.494883496498198 10 0.35
0.485324420201245 11 0.35
0.541360215155724 12 0.35
0.649983135935554 13 0.35
0.687907633737241 14 0.35
0.708132781685089 15 0.35
0.67133273915421 16 0.35
0.609367344623625 17 0.35
0.578029591259014 18 0.35
0.502335443500478 19 0.35
0.47279156738811 20 0.35
0.488140175255177 21 0.35
0.525271671972258 22 0.35
0.548697207691553 23 0.35
0.624458785650106 24 0.35
0.623717431832334 25 0.35
0.644240253916944 26 0.35
0.743250485430737 27 0.35
0.713934089840441 28 0.35
0.732046210958581 29 0.35
0.741958465676563 30 0.35
0.714647856782616 31 0.35
0.634241828649506 32 0.35
0.559376866425774 33 0.35
0.663942121100315 34 0.35
0.71735293335826 35 0.35
0.678891636270881 36 0.35
0.652704978233726 37 0.35
0.683734117529453 38 0.35
0.667863364807656 39 0.35
0.683536016693276 40 0.35
0.662507525337877 41 0.35
0.489436317642414 42 0.35
0.45990765095464 43 0.35
0.529768868353651 44 0.35
0.462269622787107 45 0.35
0.448074450706656 46 0.35
0.476114670709605 47 0.35
0.566357095426889 48 0.35
0.639185021340229 49 0.35
0.605140431643808 50 0.35
0.637868248880885 51 0.35
0.655079935985638 52 0.35
0.711924381432371 53 0.35
0.724519501052238 54 0.35
0.607369053170263 55 0.35
0.577664759143619 56 0.35
0.594072127409127 57 0.35
0.64740478858917 58 0.35
0.645604221548156 59 0.35
0.757967671416954 60 0.35
0.806767033750076 61 0.35
0.694167046727445 62 0.35
0.717597474641641 63 0.35
0.673512060426399 64 0.35
0.635831230251963 65 0.35
0.649397958544153 66 0.35
0.614452687814991 67 0.35
0.531936873522842 68 0.35
0.468400217535409 69 0.35
0.516842127821925 70 0.35
0.582651802054871 71 0.35
0.626645103232876 72 0.35
0.593407362822135 73 0.35
0.616703865691224 74 0.35
0.577118924175294 75 0.35
0.620274175947518 76 0.35
0.65533934954768 77 0.35
0.50356321676237 78 0.35
0.466547145511742 79 0.35
0.462927689826479 80 0.35
0.422769888625212 81 0.35
0.588155472414655 82 0.35
0.725802105815407 83 0.35
0.671526521759735 84 0.35
0.735139797798276 85 0.35
0.663557694999346 86 0.35
0.639843884632319 87 0.35
0.605385302475423 88 0.35
0.54988587104136 89 0.35
0.526347657442616 90 0.35
0.473282698031777 91 0.35
0.45266770224022 92 0.35
0.482822666705721 93 0.35
0.486002953626608 94 0.35
0.5924859335918 95 0.35
0.639557687133292 96 0.35
0.74579062899114 97 0.35
0.789869044121182 98 0.35
0.771487754682412 99 0.35
0.751394517105987 100 0.35
0.702198229305704 101 0.35
0.672908012569606 102 0.35
0.64825430198416 103 0.35
0.543713691937622 104 0.35
0.523285209312103 105 0.35
0.497516376764015 106 0.35
0.521477285512843 107 0.35
0.639522918824589 108 0.35
0.595151957794078 109 0.35
0.672976305889802 110 0.35
0.749501106274275 111 0.35
0.763117470717561 112 0.35
0.75412958439305 113 0.35
0.680102985850919 114 0.35
0.645209795806614 115 0.35
0.617913743595241 116 0.35
0.64059504127645 117 0.35
0.643348874633596 118 0.35
0.663307862696876 119 0.35
0.629058985609952 120 0.35
0.661695502808106 121 0.35
0.722917895680364 122 0.35
0.752786305291372 123 0.35
0.799816814227957 124 0.35
0.807175795004654 125 0.35
0.634332833659788 126 0.35
0.591267637045378 127 0.35
0.568334082247423 128 0.35
0.535966736018242 129 0.35
0.609816117643861 130 0.35
0.566041333747024 131 0.35
0.619241842866334 132 0.35
0.622227454032498 133 0.35
0.581420164100093 134 0.35
0.610721271788319 135 0.35
0.611005861988601 136 0.35
0.595990726573389 137 0.35
0.585260392121964 138 0.35
0.516367509275189 139 0.35
0.463947436941715 140 0.35
0.372226527033462 141 0.35
0.438962793651343 142 0.35
0.63559632035217 143 0.35
0.678673137414626 144 0.35
