0.756071250311272 1 0.35
0.729736201658333 2 0.35
0.741541701415438 3 0.35
0.770870007787937 4 0.35
0.731711849444908 5 0.35
0.620523509947696 6 0.35
0.632528437955944 7 0.35
0.555808171965395 8 0.35
0.634130882637326 9 0.35
0.562536160630859 10 0.35
0.500135662432982 11 0.35
0.656502409535305 12 0.35
0.697395205456926 13 0.35
0.725476032013666 14 0.35
0.687396875238375 15 0.35
0.657186106684986 16 0.35
0.676661584886782 17 0.35
0.65026552197421 18 0.35
0.608975976874918 19 0.35
0.435953000825 20 0.35
0.39966456128332 21 0.35
0.411246845795149 22 0.35
0.397623147506902 23 0.35
0.468605129310269 24 0.35
0.397424864999762 25 0.35
0.475258300140392 26 0.35
0.489499202887208 27 0.35
0.522172133938553 28 0.35
0.456643616432677 29 0.35
0.493022585379394 30 0.35
0.464942527340766 31 0.35
0.394486448451847 32 0.35
0.394284662525577 33 0.35
0.398585227237898 34 0.35
0.408279714668472 35 0.35
0.490139224201 36 0.35
0.65673813663296 37 0.35
0.673766392344339 38 0.35
0.693246003448393 39 0.35
0.675828211981571 40 0.35
0.645332778384553 41 0.35
0.700147450756491 42 0.35
0.634138070178637 43 0.35
0.635892710773953 44 0.35
0.656670522453605 45 0.35
0.690648378696513 46 0.35
0.690366083529126 47 0.35
0.771593458136161 48 0.35
0.663062495273409 49 0.35
0.765429632323847 50 0.35
0.783725349221616 51 0.35
0.740697342642565 52 0.35
0.769287433426935 53 0.35
0.692837828929272 54 0.35
0.60377407359196 55 0.35
0.540795190555344 56 0.35
0.450379308500779 57 0.35
0.447772415566779 58 0.35
0.508678495389254 59 0.35
0.542290494763092 60 0.35
0.758977377026911 61 0.35
0.748201147157597 62 0.35
0.734417354533811 63 0.35
0.713311923171409 64 0.35
0.677464694929218 65 0.35
0.697310763327984 66 0.35
0.677319107013957 67 0.35
0.500462195214697 68 0.35
0.560486752619716 69 0.35
0.509765529191911 70 0.35
0.5702437232598 71 0.35
0.57892045616445 72 0.35
0.607289032095175 73 0.35
0.720898951746946 74 0.35
0.699650784542496 75 0.35
0.719519473414028 76 0.35
0.679098924664739 77 0.35
0.615354933373756 78 0.35
0.516735789046106 79 0.35
0.554098781623383 80 0.35
0.443041902503372 81 0.35
0.477791901207079 82 0.35
0.515300976263141 83 0.35
0.568856114076246 84 0.35
0.625236948989468 85 0.35
0.618581889253301 86 0.35
0.670593941363965 87 0.35
0.702394603429014 88 0.35
0.797870415114958 89 0.35
0.761983403909529 90 0.35
0.640043451322397 91 0.35
0.661251203792828 92 0.35
0.709166355560687 93 0.35
0.661466642016103 94 0.35
0.653051461234024 95 0.35
0.478391065996077 96 0.35
0.525781114243753 97 0.35
0.529524449662885 98 0.35
0.546589866621951 99 0.35
0.519433576008039 100 0.35
0.493485113705032 101 0.35
0.407085955702095 102 0.35
0.331648274197827 103 0.35
0.396626593086755 104 0.35
0.538703747944271 105 0.35
0.529191020047107 106 0.35
0.622823076265192 107 0.35
0.675463044525259 108 0.35
0.680351998163941 109 0.35
0.668430991365333 110 0.35
0.667654191947942 111 0.35
0.641153579002654 112 0.35
0.568412257232448 113 0.35
0.503319068073228 114 0.35
0.483393642493952 115 0.35
0.505077433767125 116 0.35
0.523479571655309 117 0.35
0.458098176860325 118 0.35
0.52819640704292 119 0.35
0.65690129456741 120 0.35
0.693678993851121 121 0.35
0.682053390935053 122 0.35
0.681448609977713 123 0.35
0.779443182255558 124 0.35
0.687659264169973 125 0.35
0.635792789359767 126 0.35
0.646865521335039 127 0.35
0.672451662847948 128 0.35
0.666175097222046 129 0.35
0.724651892973166 130 0.35
0.602708562991317 131 0.35
0.635692158533671 132 0.35
0.656321815306379 133 0.35
0.702008372902624 134 0.35
0.706645378458521 135 0.35
0.72847476574464 136 0.35
0.659640093440734 137 0.35
0.627055435768741 138 0.35
0.591000647759381 139 0.35
0.381949894825974 140 0.35
0.375759409703988 141 0.35
0.394005589170484 142 0.35
0.448883382422816 143 0.35
0.422084397009114 144 0.35
