0.798435302654772 1 0.35
0.784579291521363 2 0.35
0.774768647010372 3 0.35
0.749559594241109 4 0.35
0.752503643510553 5 0.35
0.613911307927092 6 0.35
0.597443545148744 7 0.35
0.554969781883664 8 0.35
0.483283592706374 9 0.35
0.472125335378377 10 0.35
0.39272809351647 11 0.35
0.498003008724815 12 0.35
0.537837866507142 13 0.35
0.535050383723328 14 0.35
0.572950287268563 15 0.35
0.501935830307297 16 0.35
0.55235663920628 17 0.35
0.476265484704124 18 0.35
0.346603299104508 19 0.35
0.435278088559037 20 0.35
0.432047967340041 21 0.35
0.442212959292288 22 0.35
0.442319873839887 23 0.35
0.505535141343522 24 0.35
0.522114233513884 25 0.35
0.612852393707652 26 0.35
0.687309086869136 27 0.35
0.7614710261586 28 0.35
0.65279327570096 29 0.35
0.702988050480574 30 0.35
0.599913764710374 31 0.35
0.580043741924182 32 0.35
0.590057263238919 33 0.35
0.619251906370544 34 0.35
0.636197182222213 35 0.35
0.63989191985989 36 0.35
0.683112905313935 37 0.35
0.69093562823933 38 0.35
0.664081043241344 39 0.35
0.679844973454165 40 0.35
0.673443287134403 41 0.35
0.669932931594958 42 0.35
0.611541160789243 43 0.35
0.553519814068653 44 0.35
0.651115954899695 45 0.35
0.614090208314729 46 0.35
0.65808162190587 47 0.35
0.674850778172746 48 0.35
0.806600716201955 49 0.35
0.816884957230229 50 0.35
0.772324825255642 51 0.35
0.737627052452294 52 0.35
0.7745310584501 53 0.35
0.784269367562027 54 0.35
0.712238574444268 55 0.35
0.724869620647359 56 0.35
0.584462160721079 57 0.35
0.714915718171136 58 0.35
0.592765120017095 59 0.35
0.595008707148256 60 0.35
0.609401019886428 61 0.35
0.691410734176608 62 0.35
0.665312002545189 63 0.35
0.769348675088159 64 0.35
0.741998917789342 65 0.35
0.56969344938867 66 0.35
0.551977574154354 67 0.35
0.46337578102286 68 0.35
0.465680464036452 69 0.35
0.453221026561572 70 0.35
0.484325846202068 71 0.35
0.491398502697059 72 0.35
0.581239462131332 73 0.35
0.626773368252547 74 0.35
0.588492187815158 75 0.35
0.62375583271612 76 0.35
0.632025007785734 77 0.35
0.549707943108158 78 0.35
0.550426784812156 79 0.35
0.562664468544073 80 0.35
0.553444593389071 81 0.35
0.545366155520853 82 0.35
0.618153352044037 83 0.35
0.771604533237185 84 0.35
0.715122649376488 85 0.35
0.768672758193301 86 0.35
0.710510818848952 87 0.35
0.711046978570688 88 0.35
0.647718907829225 89 0.35
0.697576530672412 90 0.35
0.594983063445854 91 0.35
0.620773806915314 92 0.35
0.670598735330226 93 0.35
0.697040795494707 94 0.35
0.7283224494606 95 0.35
0.668909621727095 96 0.35
0.780988104021325 97 0.35
0.794281843166544 98 0.35
0.827513083728637 99 0.35
0.819742159747087 100 0.35
0.79306963334956 101 0.35
0.784378728795119 102 0.35
0.718983557083742 103 0.35
0.528374974135596 104 0.35
0.48815391037657 105 0.35
0.466942524976288 106 0.35
0.552155224957826 107 0.35
0.572918520851747 108 0.35
0.640608758422787 109 0.35
0.613620005173469 110 0.35
0.611849184914822 111 0.35
0.574963196416469 112 0.35
0.523693400529481 113 0.35
0.484122463376872 114 0.35
0.513853507815087 115 0.35
0.461959417490053 116 0.35
0.450150000811921 117 0.35
0.724694699373449 118 0.35
0.498844779637652 119 0.35
0.582373826279522 120 0.35
0.610837894855137 121 0.35
0.620389097718656 122 0.35
0.649449304285903 123 0.35
0.596289933246852 124 0.35
0.541955935280309 125 0.35
0.512816575221814 126 0.35
0.431819218675552 127 0.35
0.446401467136797 128 0.35
0.46194830775762 129 0.35
0.432252939529386 130 0.35
0.472377699936615 131 0.35
0.529443477316818 132 0.35
0.623084236786751 133 0.35
0.705016695541871 134 0.35
0.710670692011303 135 0.35
0.724700920167132 136 0.35
0.807136511140131 137 0.35
0.623366667240796 138 0.35
0.574179650238422 139 0.35
0.443624607221245 140 0.35
0.42208092127248 141 0.35
0.384470861098993 142 0.35
0.41989669408991 143 0.35
0.501946465040573 144 0.35
