0.570207967806906 1 0.35
0.629281243170501 2 0.35
0.667926659042095 3 0.35
0.73295694400571 4 0.35
0.710695515122552 5 0.35
0.771124449924986 6 0.35
0.706419049849086 7 0.35
0.668929165085525 8 0.35
0.608739607740638 9 0.35
0.668423436185975 10 0.35
0.729782849131129 11 0.35
0.689137082669872 12 0.35
0.734498428164462 13 0.35
0.722947228444399 14 0.35
0.774667742140072 15 0.35
0.67633718016069 16 0.35
0.630108132852286 17 0.35
0.644697296356331 18 0.35
0.521553105616903 19 0.35
0.455839832417429 20 0.35
0.444177803695177 21 0.35
0.462290027295399 22 0.35
0.537738391238558 23 0.35
0.532597596733737 24 0.35
0.592405300046263 25 0.35
0.64860913867707 26 0.35
0.63705784669386 27 0.35
0.575734652196181 28 0.35
0.589714343176972 29 0.35
0.590174541907063 30 0.35
0.502851297526536 31 0.35
0.41684847468007 32 0.35
0.425677633169895 33 0.35
0.649530491533529 34 0.35
0.562802063831417 35 0.35
0.487355255551508 36 0.35
0.594793466496094 37 0.35
0.655944157567045 38 0.35
0.655870105726016 39 0.35
0.662498125837501 40 0.35
0.616782647316332 41 0.35
0.552313967034489 42 0.35
0.558881041617916 43 0.35
0.54649613150942 44 0.35
0.487459508619392 45 0.35
0.453950262647852 46 0.35
0.535028490465982 47 0.35
0.56952308385796 48 0.35
0.636395645847376 49 0.35
0.658866579718398 50 0.35
0.700570805016115 51 0.35
0.615962354854475 52 0.35
0.546780697615478 53 0.35
0.547199893887224 54 0.35
0.509705964369708 55 0.35
0.450206035409352 56 0.35
0.511687554686923 57 0.35
0.479252177901226 58 0.35
0.515847415967803 59 0.35
0.589311506889775 60 0.35
0.576567790492075 61 0.35
0.624818130161791 62 0.35
0.620593539241099 63 0.35
0.616583141007272 64 0.35
0.704611813975302 65 0.35
0.639341047807464 66 0.35
0.554877535302645 67 0.35
0.459085213245563 68 0.35
0.365885768192827 69 0.35
0.44418686765298 70 0.35
0.523613471922245 71 0.35
0.57851403446942 72 0.35
0.68656324517731 73 0.35
0.695624115309338 74 0.35
0.718442751442076 75 0.35
0.64184038814589 76 0.35
0.708738813096026 77 0.35
0.733080640402662 78 0.35
0.608196364691413 79 0.35
0.619299464201851 80 0.35
0.524869913613096 81 0.35
0.573352233358538 82 0.35
0.589408438684604 83 0.35
0.595332796266204 84 0.35
0.679376114279672 85 0.35
0.713157367470546 86 0.35
0.702143635737726 87 0.35
0.71151614637408 88 0.35
0.571178949308963 89 0.35
0.544984370183762 90 0.35
0.487561649268189 91 0.35
0.467127060605688 92 0.35
0.446653709862011 93 0.35
0.453869192339289 94 0.35
0.527070873058946 95 0.35
0.677838691739009 96 0.35
0.758036548255454 97 0.35
0.777891537541907 98 0.35
0.815534765496738 99 0.35
0.822344395560392 100 0.35
0.643355066570687 101 0.35
0.688919241016556 102 0.35
0.66682673352062 103 0.35
0.674935390366569 104 0.35
0.706235168150658 105 0.35
0.63003857360027 106 0.35
0.722045569567509 107 0.35
0.716133589088469 108 0.35
0.68447380455652 109 0.35
0.761677358152963 110 0.35
0.772260908428675 111 0.35
0.792471205235325 112 0.35
0.804645340574846 113 0.35
0.750505903884391 114 0.35
0.641263291473569 115 0.35
0.655684291180579 116 0.35
0.641744814326807 117 0.35
0.583560305778183 118 0.35
0.631956426760105 119 0.35
0.749281239892494 120 0.35
0.784971266399202 121 0.35
0.792466705580531 122 0.35
0.808741597709773 123 0.35
0.739490604842788 124 0.35
0.711484440396058 125 0.35
0.728734199479346 126 0.35
0.631661770703106 127 0.35
0.621264649704916 128 0.35
0.673028917953002 129 0.35
0.605309724604681 130 0.35
0.596823014657733 131 0.35
0.641147757489872 132 0.35
0.584238917889962 133 0.35
0.595682497664107 134 0.35
0.636981593843728 135 0.35
0.622497122170482 136 0.35
0.556301239285717 137 0.35
0.518382210039621 138 0.35
0.532052504925639 139 0.35
0.531726035414467 140 0.35
0.503797655004706 141 0.35
0.535422770064849 142 0.35
0.533573477426259 143 0.35
0.581267156537026 144 0.35
