0.664367785213056 1 0.35
0.66367518338012 2 0.35
0.653717434149538 3 0.35
0.689670660552248 4 0.35
0.541167444656732 5 0.35
0.437502130486005 6 0.35
0.45122867947987 7 0.35
0.37690487441086 8 0.35
0.328854161482125 9 0.35
0.281422736646685 10 0.35
0.305246863221157 11 0.35
0.393651193116091 12 0.35
0.443781844066602 13 0.35
0.543705194907389 14 0.35
0.544957726143287 15 0.35
0.537732680662692 16 0.35
0.498460898615246 17 0.35
0.536799054949387 18 0.35
0.512194203391677 19 0.35
0.532925058635518 20 0.35
0.49420507212335 21 0.35
0.583046541410719 22 0.35
0.621185086447898 23 0.35
0.771599101875349 24 0.35
0.766349123680689 25 0.35
0.670040249717756 26 0.35
0.686007037581812 27 0.35
0.693357549084064 28 0.35
0.649291475697674 29 0.35
0.648143525637652 30 0.35
0.648794206298183 31 0.35
0.702825756189785 32 0.35
0.715526523233494 33 0.35
0.712128291288518 34 0.35
0.656778370139439 35 0.35
0.692310232768609 36 0.35
0.732748586306218 37 0.35
0.772880150890751 38 0.35
0.796724030867726 39 0.35
0.748932049679341 40 0.35
0.72773082596544 41 0.35
0.686423247070576 42 0.35
0.700024285174826 43 0.35
0.57640778366072 44 0.35
0.554094306311278 45 0.35
0.604765207459474 46 0.35
0.647826530712077 47 0.35
0.681099247632544 48 0.35
0.778570646537101 49 0.35
0.813033336892163 50 0.35
0.827586549116321 51 0.35
0.695295873849984 52 0.35
0.634852770148051 53 0.35
0.579880609821645 54 0.35
0.621597807925572 55 0.35
0.582591990676581 56 0.35
0.643592410391856 57 0.35
0.661167256518876 58 0.35
0.684863811651973 59 0.35
0.602998487793867 60 0.35
0.598522136426367 61 0.35
0.574973329607947 62 0.35
0.585672596805168 63 0.35
0.611918593083425 64 0.35
0.491652015149029 65 0.35
0.582254209757437 66 0.35
0.596481154597713 67 0.35
0.566982738489099 68 0.35
0.702320963858562 69 0.35
0.702239056778416 70 0.35
0.674966016005625 71 0.35
0.687097199938525 72 0.35
0.748357990011714 73 0.35
0.787822109689686 74 0.35
0.713029955877319 75 0.35
0.737908983652302 76 0.35
0.731044182992223 77 0.35
0.674981745947058 78 0.35
0.65834887700563 79 0.35
0.66937077400717 80 0.35
0.71697057789458 81 0.35
0.589863996170279 82 0.35
0.628013303818812 83 0.35
0.600089709349369 84 0.35
0.639889485695684 85 0.35
0.62938533542098 86 0.35
0.565502323713586 87 0.35
0.649595126521983 88 0.35
0.617331955711974 89 0.35
0.54976452213913 90 0.35
0.573804221522873 91 0.35
0.553546141698691 92 0.35
0.532630994714944 93 0.35
0.589468935362103 94 0.35
0.665456303655084 95 0.35
0.749073060548966 96 0.35
0.740380260103499 97 0.35
0.633819213124968 98 0.35
0.648313129850217 99 0.35
0.630962402148891 100 0.35
0.635805222628076 101 0.35
0.646441117186852 102 0.35
0.545468529689397 103 0.35
0.5169951029871 104 0.35
0.633578996614856 105 0.35
0.724730075514399 106 0.35
0.638871543148373 107 0.35
0.644755382250073 108 0.35
0.752275898677199 109 0.35
0.743700550649228 110 0.35
0.774455459489991 111 0.35
0.82236072605467 112 0.35
0.611116237109199 113 0.35
0.644944476384232 114 0.35
0.638269532420571 115 0.35
0.526603064116067 116 0.35
0.434332980447598 117 0.35
0.451001797883435 118 0.35
0.467551667028301 119 0.35
0.52246220283516 120 0.35
0.591670804929126 121 0.35
0.618300345817946 122 0.35
0.539592431226333 123 0.35
0.53416144187155 124 0.35
0.490167030494797 125 0.35
0.468901200156791 126 0.35
0.365935966193733 127 0.35
0.328357804568409 128 0.35
0.330943458529799 129 0.35
0.35762596203844 130 0.35
0.361398289180612 131 0.35
0.397053154277953 132 0.35
0.515170054321821 133 0.35
0.577346421367317 134 0.35
0.683001089178742 135 0.35
0.682985328217643 136 0.35
0.638296864154764 137 0.35
0.634311245386916 138 0.35
0.687242691013067 139 0.35
0.683396531681004 140 0.35
0.644032051217218 141 0.35
0.686014965867384 142 0.35
0.74529224818376 143 0.35
0.729620360866202 144 0.35
