0.739014423575853 1 0.35
0.727795803011313 2 0.35
0.772782153253824 3 0.35
0.82223320108749 4 0.35
0.782840529627271 5 0.35
0.738395521157725 6 0.35
0.709712536900517 7 0.35
0.552028045111028 8 0.35
0.477656696914393 9 0.35
0.479691651161534 10 0.35
0.482266703428583 11 0.35
0.492915628103789 12 0.35
0.526558653241139 13 0.35
0.537081384693534 14 0.35
0.572353279542538 15 0.35
0.568775114312411 16 0.35
0.615564188647281 17 0.35
0.644658886419897 18 0.35
0.650249851455574 19 0.35
0.56409729857388 20 0.35
0.564357875761807 21 0.35
0.469095302177391 22 0.35
0.508041699524877 23 0.35
0.579639318544662 24 0.35
0.693252577270323 25 0.35
0.665975787311515 26 0.35
0.710261574498914 27 0.35
0.693862802742424 28 0.35
0.63706803428295 29 0.35
0.631130518647686 30 0.35
0.586237877509743 31 0.35
0.641789279409786 32 0.35
0.611504497546149 33 0.35
0.724632746661391 34 0.35
0.655906574760729 35 0.35
0.643200433700064 36 0.35
0.678284099886563 37 0.35
0.711944581630303 38 0.35
0.648047556438291 39 0.35
0.716713959060486 40 0.35
0.687552405444974 41 0.35
0.657352648619815 42 0.35
0.702413387801832 43 0.35
0.713148136462858 44 0.35
0.716819665398981 45 0.35
0.701054852501645 46 0.35
0.55920976068639 47 0.35
0.656300874881474 48 0.35
0.618465179402885 49 0.35
0.672616276083055 50 0.35
0.723053693415745 51 0.35
0.673443059897745 52 0.35
0.54458982753891 53 0.35
0.522949643399568 54 0.35
0.462766840864853 55 0.35
0.399681052123833 56 0.35
0.321496724333855 57 0.35
0.53049069190809 58 0.35
0.513459827929629 59 0.35
0.571565694845728 60 0.35
0.597253236800067 61 0.35
0.627023244067305 62 0.35
0.628376625334118 63 0.35
0.653898775353883 64 0.35
0.643998513107531 65 0.35
0.594535117673297 66 0.35
0.554478071914177 67 0.35
0.522820779302199 68 0.35
0.547907581411125 69 0.35
0.477281979574175 70 0.35
0.538214150455379 71 0.35
0.613530340180509 72 0.35
0.784155527733254 73 0.35
0.804400062623732 74 0.35
0.758765149055107 75 0.35
0.802957439986153 76 0.35
0.736613355619249 77 0.35
0.718679879474906 78 0.35
0.696149700608401 79 0.35
0.608484790379095 80 0.35
0.501126392436972 81 0.35
0.612002999208861 82 0.35
0.723036718950497 83 0.35
0.650535178683896 84 0.35
0.572415095816406 85 0.35
0.634827246184707 86 0.35
0.662502473221093 87 0.35
0.647386278789009 88 0.35
0.609167746022965 89 0.35
0.52752958113274 90 0.35
0.458870915549271 91 0.35
0.436863829043491 92 0.35
0.372525727525159 93 0.35
0.344079599105402 94 0.35
0.392234823952655 95 0.35
0.463316184107086 96 0.35
0.509402038045205 97 0.35
0.52364679039263 98 0.35
0.507115670099774 99 0.35
0.584866803766557 100 0.35
0.526037621397239 101 0.35
0.45945432773833 102 0.35
0.39038035592702 103 0.35
0.353869969988923 104 0.35
0.404011431582251 105 0.35
0.486966193665726 106 0.35
0.592316920671235 107 0.35
0.628117060714578 108 0.35
0.677491641334087 109 0.35
0.63514656986821 110 0.35
0.657013214141426 111 0.35
0.616355783317504 112 0.35
0.506566332738779 113 0.35
0.68664578023664 114 0.35
0.709636147223733 115 0.35
0.676847858452698 116 0.35
0.684038042570828 117 0.35
0.627310522012705 118 0.35
0.648647411111339 119 0.35
0.603345204164002 120 0.35
0.633209661492919 121 0.35
0.703388327959984 122 0.35
0.731876882689203 123 0.35
0.740541410607894 124 0.35
0.722779745641639 125 0.35
0.658992690821864 126 0.35
0.559991900877122 127 0.35
0.584210844163862 128 0.35
0.564974353914591 129 0.35
0.554615658494714 130 0.35
0.703871387218997 131 0.35
0.75840226391015 132 0.35
0.752712142020665 133 0.35
0.822140015598349 134 0.35
0.777807025143964 135 0.35
0.700848143468677 136 0.35
0.754442240942661 137 0.35
0.657983869106767 138 0.35
0.623859776664089 139 0.35
0.555317783513521 140 0.35
0.575271836075802 141 0.35
0.591429970038391 142 0.35
0.549062374826383 143 0.35
0.731236621003529 144 0.35
