0.467396920280007 1 0.35
0.462617588986187 2 0.35
0.498894991728716 3 0.35
0.448737003272684 4 0.35
0.386737908008937 5 0.35
0.356120008970353 6 0.35
0.306028795198955 7 0.35
0.307117930058738 8 0.35
0.310923106722888 9 0.35
0.269617652185124 10 0.35
0.355725145828374 11 0.35
0.382810870295377 12 0.35
0.498415290149111 13 0.35
0.598698009211744 14 0.35
0.546134114167508 15 0.35
0.481424134892905 16 0.35
0.500538753962171 17 0.35
0.503145268958314 18 0.35
0.337935858709045 19 0.35
0.27219789931062 20 0.35
0.233603396716816 21 0.35
0.218354860137687 22 0.35
0.263324717575942 23 0.35
0.270246727094896 24 0.35
0.3210878817938 25 0.35
0.353503879646046 26 0.35
0.385226611416666 27 0.35
0.347214775166192 28 0.35
0.389870296803906 29 0.35
0.328673224064312 30 0.35
0.264806393261466 31 0.35
0.239095120799962 32 0.35
0.279465328923397 33 0.35
0.287105644320127 34 0.35
0.385336181038935 35 0.35
0.462195319415238 36 0.35
0.552930300476103 37 0.35
0.604628172924884 38 0.35
0.668942481365209 39 0.35
0.708178495002359 40 0.35
0.711045784572981 41 0.35
0.744203312214074 42 0.35
0.720315847871314 43 0.35
0.658543936265964 44 0.35
0.681449535072156 45 0.35
0.659511032241514 46 0.35
0.613891768351598 47 0.35
0.658191413414215 48 0.35
0.706441321274724 49 0.35
0.637096932120326 50 0.35
0.638917140906828 51 0.35
0.647942204032656 52 0.35
0.618962121347538 53 0.35
0.63726698362072 54 0.35
0.625155972931622 55 0.35
0.575934430902582 56 0.35
0.619944821564505 57 0.35
0.617520308354342 58 0.35
0.636642868705018 59 0.35
0.722870638841321 60 0.35
0.784118747931707 61 0.35
0.776330337261596 62 0.35
0.738457598312378 63 0.35
0.717818869484445 64 0.35
0.691937295017863 65 0.35
0.667252928173908 66 0.35
0.580751382310824 67 0.35
0.583263738754946 68 0.35
0.616141852208563 69 0.35
0.514470812278205 70 0.35
0.53084457547258 71 0.35
0.53976409245106 72 0.35
0.626490529910056 73 0.35
0.680896310683353 74 0.35
0.743945507763276 75 0.35
0.726057960688174 76 0.35
0.733773721429164 77 0.35
0.650558973882866 78 0.35
0.707962969450213 79 0.35
0.713001848913459 80 0.35
0.709857497423926 81 0.35
0.625488469417359 82 0.35
0.605083431272711 83 0.35
0.624538592188602 84 0.35
0.696387823058303 85 0.35
0.721865138728002 86 0.35
0.744700828864972 87 0.35
0.681205830740676 88 0.35
0.68418258647985 89 0.35
0.600261404476167 90 0.35
0.556170389067798 91 0.35
0.653518854326402 92 0.35
0.71550561449638 93 0.35
0.651524420626616 94 0.35
0.652101337280503 95 0.35
0.740903137449466 96 0.35
0.806746136340832 97 0.35
0.728659901883186 98 0.35
0.723821192119849 99 0.35
0.646359572821573 100 0.35
0.625764482167248 101 0.35
0.527163845010881 102 0.35
0.583010283977297 103 0.35
0.597077429588116 104 0.35
0.595130378315463 105 0.35
0.549939554979316 106 0.35
0.495387028792299 107 0.35
0.554345401746698 108 0.35
0.574336055126109 109 0.35
0.657511778204673 110 0.35
0.738561530829136 111 0.35
0.71461392893811 112 0.35
0.689715794820088 113 0.35
0.577845564626252 114 0.35
0.46024228704048 115 0.35
0.482981043120136 116 0.35
0.381206140687812 117 0.35
0.394275587477761 118 0.35
0.392601903505353 119 0.35
0.401237606534832 120 0.35
0.540132267374461 121 0.35
0.61866586076543 122 0.35
0.648164921327769 123 0.35
0.723698818420378 124 0.35
0.764585537621048 125 0.35
0.742238340260988 126 0.35
0.641342553638688 127 0.35
0.591430866055925 128 0.35
0.497311475206371 129 0.35
0.456137235534647 130 0.35
0.483820509663328 131 0.35
0.51115340914557 132 0.35
0.520695283772849 133 0.35
0.560881194252297 134 0.35
0.596361537912145 135 0.35
0.547988817540277 136 0.35
0.466462305083571 137 0.35
0.427924618089071 138 0.35
0.386138292604441 139 0.35
0.436187660675305 140 0.35
0.451403916960409 141 0.35
0.573965997881755 142 0.35
0.623298485371081 143 0.35
0.66263159233328 144 0.35
