0.595770935028392 1 0.35
0.611072164580281 2 0.35
0.616326095426371 3 0.35
0.680948596240207 4 0.35
0.645010082864563 5 0.35
0.547336736639268 6 0.35
0.694154842902279 7 0.35
0.724931034094912 8 0.35
0.617433390902622 9 0.35
0.60687522529524 10 0.35
0.618197001622409 11 0.35
0.675978892604322 12 0.35
0.717526606298864 13 0.35
0.753541382492196 14 0.35
0.682902116306482 15 0.35
0.641774514823079 16 0.35
0.550676201906542 17 0.35
0.564294522934461 18 0.35
0.617948473539142 19 0.35
0.555226036390514 20 0.35
0.593425439057098 21 0.35
0.573687999403618 22 0.35
0.686158991422362 23 0.35
0.679945611654434 24 0.35
0.776815922238708 25 0.35
0.651367179578994 26 0.35
0.649884329861962 27 0.35
0.64189917804403 28 0.35
0.497482610473385 29 0.35
0.494132632458406 30 0.35
0.460522533801876 31 0.35
0.452354304266543 32 0.35
0.467642240670586 33 0.35
0.530104379776547 34 0.35
0.638418741072322 35 0.35
0.653978533054607 36 0.35
0.695242560754088 37 0.35
0.685070259306041 38 0.35
0.631345919629189 39 0.35
0.644658942746338 40 0.35
0.555081802259655 41 0.35
0.405043264198642 42 0.35
0.353370812853746 43 0.35
0.337574801098543 44 0.35
0.342612955526229 45 0.35
0.400036483354333 46 0.35
0.472764307458831 47 0.35
0.53896382784148 48 0.35
0.622580472177912 49 0.35
0.674909576943641 50 0.35
0.702056452748431 51 0.35
0.616069675251024 52 0.35
0.574707540104388 53 0.35
0.543667304329774 54 0.35
0.467669643812161 55 0.35
0.412585929788809 56 0.35
0.401271271064471 57 0.35
0.387589721027246 58 0.35
0.432592151128068 59 0.35
0.580615257991491 60 0.35
0.555909037317824 61 0.35
0.569616993846503 62 0.35
0.555165164208831 63 0.35
0.476907888344591 64 0.35
0.455167838231108 65 0.35
0.415811685521059 66 0.35
0.343926324129494 67 0.35
0.413907368964964 68 0.35
0.479767125714672 69 0.35
0.510946698389953 70 0.35
0.529747362456877 71 0.35
0.566874129270728 72 0.35
0.630944151800155 73 0.35
0.698561810173097 74 0.35
0.67987014803314 75 0.35
0.794918654363714 76 0.35
0.807072825107449 77 0.35
0.751137356925322 78 0.35
0.637822430061624 79 0.35
0.570135098664389 80 0.35
0.603766415909968 81 0.35
0.566398671900549 82 0.35
0.557620888412016 83 0.35
0.556215144720199 84 0.35
0.618011037219755 85 0.35
0.644924824216251 86 0.35
0.682352904324079 87 0.35
0.66425132578638 88 0.35
0.595894420794538 89 0.35
0.535741193178312 90 0.35
0.539642534860644 91 0.35
0.528059740280375 92 0.35
0.566809881246716 93 0.35
0.486914516424177 94 0.35
0.522790746660585 95 0.35
0.618413020991149 96 0.35
0.588392569718053 97 0.35
0.642864306474196 98 0.35
0.65399757746561 99 0.35
0.613173159914358 100 0.35
0.58052745429477 101 0.35
0.504385531481484 102 0.35
0.447803684932031 103 0.35
0.410355834300947 104 0.35
0.416384649684951 105 0.35
0.510779352564563 106 0.35
0.616683653364437 107 0.35
0.664065140563822 108 0.35
0.608061726319874 109 0.35
0.621314401829696 110 0.35
0.667423087858588 111 0.35
0.636577244005392 112 0.35
0.581692379396426 113 0.35
0.517061522875943 114 0.35
0.470669110828997 115 0.35
0.446356028800307 116 0.35
0.423186390378568 117 0.35
0.42693517638557 118 0.35
0.405778964217515 119 0.35
0.465934322848185 120 0.35
0.555135428421062 121 0.35
0.667261310720316 122 0.35
0.592977026062449 123 0.35
0.588028481544606 124 0.35
0.537764246510021 125 0.35
0.588582175969589 126 0.35
0.560799712041577 127 0.35
0.571603572534281 128 0.35
0.606830615832799 129 0.35
0.53996009343162 130 0.35
0.493398056619374 131 0.35
0.591815262586586 132 0.35
0.702310842310636 133 0.35
0.731629487137692 134 0.35
0.737572087846543 135 0.35
0.650081241826019 136 0.35
0.639246083246655 137 0.35
0.538503162914951 138 0.35
0.471503432654836 139 0.35
0.478461358237276 140 0.35
0.486441514297791 141 0.35
0.513754713583855 142 0.35
0.54694512838474 143 0.35
0.628438384760941 144 0.35
