0.645296287021581 1 0.35
0.664647669188004 2 0.35
0.662648650623492 3 0.35
0.690937010571453 4 0.35
0.513675200338792 5 0.35
0.490753902176232 6 0.35
0.453013279502999 7 0.35
0.451879875149003 8 0.35
0.446937566708481 9 0.35
0.365627802954695 10 0.35
0.459654197821133 11 0.35
0.495244845184943 12 0.35
0.552809803066886 13 0.35
0.541248640517288 14 0.35
0.524025683015386 15 0.35
0.561988813399509 16 0.35
0.604682732508342 17 0.35
0.644814019027213 18 0.35
0.542122669840421 19 0.35
0.467159496442357 20 0.35
0.465014278395082 21 0.35
0.535550293648314 22 0.35
0.555670882536621 23 0.35
0.591094802908025 24 0.35
0.608340096550702 25 0.35
0.728745779740316 26 0.35
0.636768600009872 27 0.35
0.694814409193016 28 0.35
0.673004600655609 29 0.35
0.640370065817632 30 0.35
0.613522551636338 31 0.35
0.541744545135569 32 0.35
0.527749360118742 33 0.35
0.506899271175955 34 0.35
0.411569140893235 35 0.35
0.428714189350912 36 0.35
0.463406808359383 37 0.35
0.542049077638516 38 0.35
0.54072988083387 39 0.35
0.603764441737821 40 0.35
0.590578542492801 41 0.35
0.612224208502816 42 0.35
0.580816845451935 43 0.35
0.47284010891051 44 0.35
0.440237004107081 45 0.35
0.451594596591137 46 0.35
0.425969813250195 47 0.35
0.388073943163239 48 0.35
0.430996335789983 49 0.35
0.457901071500528 50 0.35
0.451225256484426 51 0.35
0.460844646015211 52 0.35
0.429515111401008 53 0.35
0.339548145189845 54 0.35
0.302680260775159 55 0.35
0.268202985397113 56 0.35
0.272845098181663 57 0.35
0.280507264914787 58 0.35
0.306967957305906 59 0.35
0.380877869458452 60 0.35
0.463901203212686 61 0.35
0.493562393286741 62 0.35
0.522263729762465 63 0.35
0.531583426996768 64 0.35
0.495543867642047 65 0.35
0.465431228698775 66 0.35
0.383330704758932 67 0.35
0.346244931357076 68 0.35
0.336650037937412 69 0.35
0.348368665472975 70 0.35
0.502558919125551 71 0.35
0.572458365715328 72 0.35
0.717466344352612 73 0.35
0.757289839292195 74 0.35
0.767720012638811 75 0.35
0.762320850743945 76 0.35
0.791838102056702 77 0.35
0.715950047533535 78 0.35
0.724531285001825 79 0.35
0.68565845424662 80 0.35
0.716940348570044 81 0.35
0.724698085555002 82 0.35
0.580582805140125 83 0.35
0.636133254691173 84 0.35
0.709893682818145 85 0.35
0.727422965288371 86 0.35
0.74077116925639 87 0.35
0.779678195839338 88 0.35
0.765214922090839 89 0.35
0.7608956095477 90 0.35
0.674665266182581 91 0.35
0.644810918906339 92 0.35
0.639726480672775 93 0.35
0.570992596239037 94 0.35
0.629570051708698 95 0.35
0.682470945315851 96 0.35
0.703111465881634 97 0.35
0.70913775956597 98 0.35
0.674760173537362 99 0.35
0.674756401594767 100 0.35
0.640791978384698 101 0.35
0.607740008087106 102 0.35
0.584980048161617 103 0.35
0.599819369536307 104 0.35
0.649601296862686 105 0.35
0.61959285993665 106 0.35
0.631096016183063 107 0.35
0.615613189816632 108 0.35
0.798091389891704 109 0.35
0.814597421158402 110 0.35
0.687224825407114 111 0.35
0.745014944613313 112 0.35
0.799396438381272 113 0.35
0.693690487513744 114 0.35
0.581286717607217 115 0.35
0.585876894941887 116 0.35
0.575673789867074 117 0.35
0.466537777689898 118 0.35
0.508672337597495 119 0.35
0.443611737256657 120 0.35
0.511205311596922 121 0.35
0.589677951679842 122 0.35
0.594328864759377 123 0.35
0.632699628939174 124 0.35
0.601731263920236 125 0.35
0.604378036605505 126 0.35
0.451079762927577 127 0.35
0.399533205893344 128 0.35
0.354564407301725 129 0.35
0.406583474895972 130 0.35
0.565624995809442 131 0.35
0.590994464288315 132 0.35
0.618875257481646 133 0.35
0.64381701883007 134 0.35
0.694587884636277 135 0.35
0.772194935970676 136 0.35
0.774790624615596 137 0.35
0.731775373849868 138 0.35
0.634467447051385 139 0.35
0.606041299874284 140 0.35
0.61517882358933 141 0.35
0.638458257676742 142 0.35
0.641654844639966 143 0.35
0.717445600168427 144 0.35
