0.861953436893214 1 0.35
0.675259347376308 2 0.35
0.713210700599745 3 0.35
0.692036833822576 4 0.35
0.699117234659205 5 0.35
0.708181780806215 6 0.35
0.705683009002007 7 0.35
0.673552250735023 8 0.35
0.672063375716281 9 0.35
0.724573836447033 10 0.35
0.644437242451815 11 0.35
0.699219880842362 12 0.35
0.699476612039166 13 0.35
0.790055732607902 14 0.35
0.775853491450206 15 0.35
0.82226341417517 16 0.35
0.805211583154973 17 0.35
0.784267965462979 18 0.35
0.56969268924397 19 0.35
0.616820618021775 20 0.35
0.574111986688607 21 0.35
0.589666512101337 22 0.35
0.562325098588277 23 0.35
0.590952107434632 24 0.35
0.634781002250313 25 0.35
0.606665827215898 26 0.35
0.613972987164947 27 0.35
0.564486757610774 28 0.35
0.541410075363291 29 0.35
0.510054296110427 30 0.35
0.456208084856228 31 0.35
0.371573941611063 32 0.35
0.418766851721333 33 0.35
0.3999584061172 34 0.35
0.443021604440877 35 0.35
0.45253755362276 36 0.35
0.615684068877337 37 0.35
0.627320287750188 38 0.35
0.697150978880996 39 0.35
0.608626182078578 40 0.35
0.652414786144046 41 0.35
0.591068888349162 42 0.35
0.646242683972817 43 0.35
0.649643501563373 44 0.35
0.700971933226463 45 0.35
0.646442620383883 46 0.35
0.745198722704622 47 0.35
0.65252929274053 48 0.35
0.720361022409434 49 0.35
0.79025659987837 50 0.35
0.784708114652618 51 0.35
0.800304950279329 52 0.35
0.595198850762264 53 0.35
0.600280714477446 54 0.35
0.52512202486457 55 0.35
0.517018915419881 56 0.35
0.456016386238114 57 0.35
0.532029438367537 58 0.35
0.564439203128051 59 0.35
0.683011630253615 60 0.35
0.745080875974529 61 0.35
0.756891867931483 62 0.35
0.776134327384074 63 0.35
0.720214067184538 64 0.35
0.772770806460202 65 0.35
0.78436740803138 66 0.35
0.654372623960047 67 0.35
0.718658022827656 68 0.35
0.530690675311636 69 0.35
0.502272243511584 70 0.35
0.578284061493612 71 0.35
0.619934381004489 72 0.35
0.75459812759383 73 0.35
0.795578619289627 74 0.35
0.653138267913501 75 0.35
0.591873468733475 76 0.35
0.509951083336239 77 0.35
0.489147701839518 78 0.35
0.411277217419297 79 0.35
0.34833846047453 80 0.35
0.364536839834504 81 0.35
0.402640489044818 82 0.35
0.468414855145933 83 0.35
0.480870069160349 84 0.35
0.624782512218374 85 0.35
0.721298217873054 86 0.35
0.727426307303828 87 0.35
0.725625688589362 88 0.35
0.733664222719191 89 0.35
0.699944374417693 90 0.35
0.625094997441598 91 0.35
0.529690500975433 92 0.35
0.512841720420553 93 0.35
0.603111662885763 94 0.35
0.646901620246427 95 0.35
0.709608894793223 96 0.35
0.711242129255004 97 0.35
0.813239303768576 98 0.35
0.709642557435134 99 0.35
0.666073114485566 100 0.35
0.665213528792322 101 0.35
0.721310133716588 102 0.35
0.658827115960968 103 0.35
0.630210822421753 104 0.35
0.652365028818112 105 0.35
0.724653545435629 106 0.35
0.633648836674292 107 0.35
0.691152205096305 108 0.35
0.703581052769584 109 0.35
0.771980015949685 110 0.35
0.789347659545265 111 0.35
0.77985937179988 112 0.35
0.631681072633275 113 0.35
0.59277352020653 114 0.35
0.583422542708646 115 0.35
0.633540703331553 116 0.35
0.603017565370198 117 0.35
0.473444909088342 118 0.35
0.599277165192409 119 0.35
0.600516235904034 120 0.35
0.714717413987898 121 0.35
0.68796563117675 122 0.35
0.727779723413034 123 0.35
0.713441774462757 124 0.35
0.665016089999906 125 0.35
0.628888396166871 126 0.35
0.515584546736049 127 0.35
0.572484464132555 128 0.35
0.566978679227076 129 0.35
0.592258238949656 130 0.35
0.632652766958903 131 0.35
0.637338226496409 132 0.35
0.641942359657904 133 0.35
0.622548885967315 134 0.35
0.659456882879693 135 0.35
0.668768918453071 136 0.35
0.605107814262812 137 0.35
0.602852928300381 138 0.35
0.603754082746485 139 0.35
0.521127262871353 140 0.35
0.585788631906121 141 0.35
0.499756670453301 142 0.35
0.482298427491996 143 0.35
0.525218563914094 144 0.35
