0.445909571359512 1 0.35
0.471459016471114 2 0.35
0.484775386169105 3 0.35
0.552948354579869 4 0.35
0.639559274231681 5 0.35
0.649255139487745 6 0.35
0.562251533422575 7 0.35
0.544026765166842 8 0.35
0.463474502150062 9 0.35
0.509832210920251 10 0.35
0.538754375630176 11 0.35
0.611857810373461 12 0.35
0.702898070112112 13 0.35
0.706658161342992 14 0.35
0.666856137149844 15 0.35
0.669458278587238 16 0.35
0.685987917699526 17 0.35
0.7260465714736 18 0.35
0.551168134492534 19 0.35
0.446054907855379 20 0.35
0.481572092591702 21 0.35
0.524999218544958 22 0.35
0.563555310081204 23 0.35
0.749610014266281 24 0.35
0.759446066473442 25 0.35
0.735949130541847 26 0.35
0.806859418699839 27 0.35
0.77633202815737 28 0.35
0.770609369846114 29 0.35
0.762280764805729 30 0.35
0.732001090491724 31 0.35
0.617211577375494 32 0.35
0.716808936727259 33 0.35
0.670943064794293 34 0.35
0.642771535722314 35 0.35
0.725785864680431 36 0.35
0.767899618258664 37 0.35
0.699572897166934 38 0.35
0.715421348520525 39 0.35
0.709256315817478 40 0.35
0.648660293194542 41 0.35
0.681663662756283 42 0.35
0.556017064035228 43 0.35
0.452424745472017 44 0.35
0.525664637870888 45 0.35
0.685343681465963 46 0.35
0.666376728298024 47 0.35
0.725747265347742 48 0.35
0.753479417072403 49 0.35
0.671554433691152 50 0.35
0.682983941000509 51 0.35
0.791848130120091 52 0.35
0.620568595847594 53 0.35
0.56964928476687 54 0.35
0.525898564856908 55 0.35
0.466805081619142 56 0.35
0.536909914152312 57 0.35
0.559465932408936 58 0.35
0.535874935275024 59 0.35
0.595770553847218 60 0.35
0.726817272943541 61 0.35
0.803812432454875 62 0.35
0.72304244513541 63 0.35
0.713953204342916 64 0.35
0.694798375235842 65 0.35
0.603260286301927 66 0.35
0.535419280293654 67 0.35
0.548892311042861 68 0.35
0.507377303991097 69 0.35
0.615137538904091 70 0.35
0.685221524630466 71 0.35
0.75928886394169 72 0.35
0.80672117738055 73 0.35
0.782550375543545 74 0.35
0.75681496234488 75 0.35
0.772062660213374 76 0.35
0.795687559842995 77 0.35
0.694609953752548 78 0.35
0.702653956339788 79 0.35
0.692558990006197 80 0.35
0.641243698420993 81 0.35
0.665425415860962 82 0.35
0.624408904663045 83 0.35
0.601292265339603 84 0.35
0.492569518352579 85 0.35
0.58166168963057 86 0.35
0.586010882204825 87 0.35
0.542109721785457 88 0.35
0.561507383586592 89 0.35
0.440762537294729 90 0.35
0.450463819203454 91 0.35
0.463256460985936 92 0.35
0.457774757958817 93 0.35
0.482089883844244 94 0.35
0.540470632223121 95 0.35
0.567684170143024 96 0.35
0.592297075271193 97 0.35
0.609107062353666 98 0.35
0.67082104505255 99 0.35
0.727688605285738 100 0.35
0.703317183634283 101 0.35
0.670392029113724 102 0.35
0.588036792764437 103 0.35
0.586764473221176 104 0.35
0.489504693548991 105 0.35
0.47848038496123 106 0.35
0.516850271119717 107 0.35
0.570318457680745 108 0.35
0.647467227462964 109 0.35
0.698442062066649 110 0.35
0.721172875264027 111 0.35
0.68454588894875 112 0.35
0.620778421730646 113 0.35
0.668789695545882 114 0.35
0.647117065898248 115 0.35
0.602997076370153 116 0.35
0.610635607259743 117 0.35
0.540588465885006 118 0.35
0.661078575768196 119 0.35
0.771584974867205 120 0.35
0.728261569445325 121 0.35
0.639478459279529 122 0.35
0.653649368692962 123 0.35
0.568737767657728 124 0.35
0.522599633695019 125 0.35
0.490160796771922 126 0.35
0.409957834629599 127 0.35
0.362014662085053 128 0.35
0.465491280455272 129 0.35
0.454775888153489 130 0.35
0.451101572652807 131 0.35
0.602162655848914 132 0.35
0.659856191247119 133 0.35
0.727259491835981 134 0.35
0.695080555797333 135 0.35
0.714913206668053 136 0.35
0.769265592986445 137 0.35
0.736297642199141 138 0.35
0.692585838125766 139 0.35
0.58122375303062 140 0.35
0.614573750264588 141 0.35
0.514659411230666 142 0.35
0.584702408025511 143 0.35
0.531374877688534 144 0.35
