0.644219799361548 1 0.35
0.750750526487017 2 0.35
0.76235818296852 3 0.35
0.751943745277412 4 0.35
0.788766333712168 5 0.35
0.647134961687226 6 0.35
0.618057374894819 7 0.35
0.558892021636048 8 0.35
0.519401554920526 9 0.35
0.543754485542389 10 0.35
0.632589996927297 11 0.35
0.606039232190252 12 0.35
0.657867980379124 13 0.35
0.627098483269832 14 0.35
0.616489066075703 15 0.35
0.565305853149843 16 0.35
0.547891307236927 17 0.35
0.509661014650893 18 0.35
0.505082648248224 19 0.35
0.462644187504643 20 0.35
0.438596224194078 21 0.35
0.54047213456849 22 0.35
0.606774364322207 23 0.35
0.646213646484769 24 0.35
0.725682184769532 25 0.35
0.685209460628969 26 0.35
0.688778440367252 27 0.35
0.721629194291584 28 0.35
0.723666140252304 29 0.35
0.757903080334659 30 0.35
0.637472136528649 31 0.35
0.678162257239408 32 0.35
0.650226680055783 33 0.35
0.724579108065216 34 0.35
0.628765442244966 35 0.35
0.625118521907515 36 0.35
0.705120327602956 37 0.35
0.760184309302258 38 0.35
0.741793052764188 39 0.35
0.730972602947132 40 0.35
0.775226256368953 41 0.35
0.75937516706024 42 0.35
0.745852235010532 43 0.35
0.64709640047126 44 0.35
0.605125399674792 45 0.35
0.575761184243366 46 0.35
0.511820019052353 47 0.35
0.661254616352901 48 0.35
0.578260155542298 49 0.35
0.583575267915442 50 0.35
0.571928288591849 51 0.35
0.538080757876003 52 0.35
0.556731647542935 53 0.35
0.501835887729746 54 0.35
0.466532454410691 55 0.35
0.364826524786586 56 0.35
0.314068672451675 57 0.35
0.321063654800155 58 0.35
0.372300031523478 59 0.35
0.493867278471977 60 0.35
0.575062688331778 61 0.35
0.704140780719861 62 0.35
0.729441102763459 63 0.35
0.647208075416429 64 0.35
0.691908534214793 65 0.35
0.725421937370374 66 0.35
0.644027161058977 67 0.35
0.552298105352983 68 0.35
0.496619393464495 69 0.35
0.474231921884663 70 0.35
0.542037244202411 71 0.35
0.618257840235198 72 0.35
0.665656484661098 73 0.35
0.715635129064536 74 0.35
0.676710378931352 75 0.35
0.629898838562889 76 0.35
0.595581524910545 77 0.35
0.648892061813609 78 0.35
0.528092092130681 79 0.35
0.42216312816196 80 0.35
0.399558002196538 81 0.35
0.440165585540085 82 0.35
0.567979605808493 83 0.35
0.637979075393791 84 0.35
0.738065347925885 85 0.35
0.756998135473389 86 0.35
0.71067932084176 87 0.35
0.694667779883159 88 0.35
0.649469694871282 89 0.35
0.615412830649465 90 0.35
0.587118816546967 91 0.35
0.520077036185465 92 0.35
0.431277037906341 93 0.35
0.527789666957264 94 0.35
0.619715985671709 95 0.35
0.585675296672343 96 0.35
0.562902001043049 97 0.35
0.613530614522815 98 0.35
0.559390929181705 99 0.35
0.49232903249779 100 0.35
0.409528769506175 101 0.35
0.397636729935957 102 0.35
0.452408704703855 103 0.35
0.418599231274841 104 0.35
0.488847846983762 105 0.35
0.483325137280731 106 0.35
0.513941324281358 107 0.35
0.564772604220523 108 0.35
0.563767869683603 109 0.35
0.632529433847765 110 0.35
0.685151647214555 111 0.35
0.68783402001933 112 0.35
0.72931320968994 113 0.35
0.521390655601694 114 0.35
0.499518969590994 115 0.35
0.452005015950167 116 0.35
0.363316788092862 117 0.35
0.456229938477339 118 0.35
0.49599122939328 119 0.35
0.538092556929057 120 0.35
0.65933391190032 121 0.35
0.748470174064401 122 0.35
0.766419485897597 123 0.35
0.744938520777524 124 0.35
0.742066752990532 125 0.35
0.703216328421839 126 0.35
0.653395312679521 127 0.35
0.631973140790251 128 0.35
0.512085869951668 129 0.35
0.59285079542942 130 0.35
0.607924560138308 131 0.35
0.657333161202535 132 0.35
0.646699305205822 133 0.35
0.640336698390733 134 0.35
0.697106898221925 135 0.35
0.67589908421778 136 0.35
0.718160432904422 137 0.35
0.719010229974449 138 0.35
0.716511068495482 139 0.35
0.563727574103201 140 0.35
0.510203442673616 141 0.35
0.579452112883782 142 0.35
0.526319222767919 143 0.35
0.514974158306723 144 0.35
