0.295014157603909 1 0.35
0.333194035226796 2 0.35
0.444855211217225 3 0.35
0.426012009834094 4 0.35
0.39803743014358 5 0.35
0.36646518286157 6 0.35
0.331076901114753 7 0.35
0.299700529477453 8 0.35
0.405097291961315 9 0.35
0.383499780942834 10 0.35
0.501153405205342 11 0.35
0.616242270757015 12 0.35
0.559803566225313 13 0.35
0.60644970976913 14 0.35
0.586319483564083 15 0.35
0.60552222660333 16 0.35
0.584020502561634 17 0.35
0.506036831437131 18 0.35
0.487460043188146 19 0.35
0.460982053733592 20 0.35
0.476608097545168 21 0.35
0.423759578784642 22 0.35
0.475234917130613 23 0.35
0.544479871527705 24 0.35
0.703425872434517 25 0.35
0.822057532462746 26 0.35
0.731450890158414 27 0.35
0.694755681311611 28 0.35
0.762479639768769 29 0.35
0.707964471222277 30 0.35
0.61045919878019 31 0.35
0.681364788327465 32 0.35
0.704351574779174 33 0.35
0.699820249650036 34 0.35
0.745342538133086 35 0.35
0.694355523079846 36 0.35
0.725723071422706 37 0.35
0.718733967189762 38 0.35
0.769930080614737 39 0.35
0.729367694843937 40 0.35
0.74014335679929 41 0.35
0.674588815909607 42 0.35
0.610059660801704 43 0.35
0.600333729382921 44 0.35
0.419774959764299 45 0.35
0.654759427675366 46 0.35
0.650724419595068 47 0.35
0.668045641549627 48 0.35
0.739202260054819 49 0.35
0.642002747942782 50 0.35
0.655658211812679 51 0.35
0.691979843574421 52 0.35
0.698310018641895 53 0.35
0.696903402620076 54 0.35
0.674066084993778 55 0.35
0.613699146373183 56 0.35
0.437408711666145 57 0.35
0.391982958529171 58 0.35
0.422293154289706 59 0.35
0.457034515794428 60 0.35
0.462272937138221 61 0.35
0.504281914623808 62 0.35
0.485173599983766 63 0.35
0.543682801663421 64 0.35
0.551606884982753 65 0.35
0.460783394235474 66 0.35
0.460949278115709 67 0.35
0.263443163151361 68 0.35
0.321317665322812 69 0.35
0.316834494795817 70 0.35
0.306027419595016 71 0.35
0.342017401538569 72 0.35
0.317500966389743 73 0.35
0.397116807512559 74 0.35
0.403694102675233 75 0.35
0.386812675977729 76 0.35
0.375132989559517 77 0.35
0.343401934353819 78 0.35
0.278832110092842 79 0.35
0.209868946544883 80 0.35
0.188596700967647 81 0.35
0.235206211216365 82 0.35
0.249691815683567 83 0.35
0.323718411139579 84 0.35
0.451912674352505 85 0.35
0.551144463488303 86 0.35
0.623077340886407 87 0.35
0.54929214641763 88 0.35
0.5442395280442 89 0.35
0.644065029628805 90 0.35
0.684401256641911 91 0.35
0.686541635256209 92 0.35
0.591678632346998 93 0.35
0.581648509239744 94 0.35
0.589961319229868 95 0.35
0.574575692265161 96 0.35
0.639739503476742 97 0.35
0.572071759014795 98 0.35
0.576068131301689 99 0.35
0.567996814414575 100 0.35
0.598401260896513 101 0.35
0.533250589933922 102 0.35
0.404285791801062 103 0.35
0.422387577885826 104 0.35
0.408834746254531 105 0.35
0.373512505434295 106 0.35
0.403244058902014 107 0.35
0.482173089342681 108 0.35
0.573510859078557 109 0.35
0.608741866203849 110 0.35
0.642136340900011 111 0.35
0.648095389697302 112 0.35
0.655458350381044 113 0.35
0.571286285599521 114 0.35
0.514633180765272 115 0.35
0.555365030807387 116 0.35
0.519175167626729 117 0.35
0.470823424602284 118 0.35
0.476632647896406 119 0.35
0.566092532278403 120 0.35
0.602727425297799 121 0.35
0.592181660818802 122 0.35
0.566919601688395 123 0.35
0.631003950433939 124 0.35
0.630597392817234 125 0.35
0.532045330748089 126 0.35
0.574977819881954 127 0.35
0.468966293505096 128 0.35
0.495849427612679 129 0.35
0.486979617337793 130 0.35
0.399438723028125 131 0.35
0.546944721898032 132 0.35
0.536099575585248 133 0.35
0.601072622484424 134 0.35
0.634435010000478 135 0.35
0.560049520223836 136 0.35
0.472702230281852 137 0.35
0.425097704991021 138 0.35
0.38365497751564 139 0.35
0.410314753620886 140 0.35
0.531397763133904 141 0.35
0.49759823723309 142 0.35
0.482593368222656 143 0.35
0.549866946835003 144 0.35
