0.77248606990633 1 0.35
0.822084071000552 2 0.35
0.818285021046239 3 0.35
0.822342068857828 4 0.35
0.795714052349672 5 0.35
0.743990695367615 6 0.35
0.57629199183299 7 0.35
0.492969066335471 8 0.35
0.603925610233614 9 0.35
0.518513669309931 10 0.35
0.693208084961049 11 0.35
0.724116564550135 12 0.35
0.696454528513921 13 0.35
0.640163152176206 14 0.35
0.616162032511999 15 0.35
0.671165722774232 16 0.35
0.651407109805849 17 0.35
0.650800165144865 18 0.35
0.577415512406481 19 0.35
0.535827608223657 20 0.35
0.56422304509028 21 0.35
0.55328127941497 22 0.35
0.512462208135978 23 0.35
0.635034493628078 24 0.35
0.670023048351825 25 0.35
0.638048678468879 26 0.35
0.671596570031798 27 0.35
0.646611801307461 28 0.35
0.605772054299958 29 0.35
0.525730611186201 30 0.35
0.497197111231216 31 0.35
0.540234122800148 32 0.35
0.550148562419983 33 0.35
0.573677754479273 34 0.35
0.661030054488324 35 0.35
0.651875859687662 36 0.35
0.717166399012452 37 0.35
0.707908200517065 38 0.35
0.666883997002758 39 0.35
0.666290242929802 40 0.35
0.58839043621325 41 0.35
0.588569006121771 42 0.35
0.474192462648632 43 0.35
0.416389952598444 44 0.35
0.443925411704682 45 0.35
0.445605264777163 46 0.35
0.48100612666261 47 0.35
0.623250346687932 48 0.35
0.621553257882339 49 0.35
0.616461792676279 50 0.35
0.635719978544323 51 0.35
0.70333225644686 52 0.35
0.721923090464173 53 0.35
0.72995274094783 54 0.35
0.628739736746823 55 0.35
0.558466923189994 56 0.35
0.49378570505139 57 0.35
0.468782985297946 58 0.35
0.605944476138803 59 0.35
0.545223414544859 60 0.35
0.608047713554326 61 0.35
0.674376156537395 62 0.35
0.745067510036697 63 0.35
0.773826745750754 64 0.35
0.753688759588688 65 0.35
0.692693530599716 66 0.35
0.639432665662741 67 0.35
0.649128280106458 68 0.35
0.616743185670411 69 0.35
0.679107170208075 70 0.35
0.628501864037601 71 0.35
0.602115944169856 72 0.35
0.637401343762893 73 0.35
0.778369520700714 74 0.35
0.801794020666179 75 0.35
0.757062176688868 76 0.35
0.765161246375418 77 0.35
0.684832895539853 78 0.35
0.673561091678346 79 0.35
0.566880818874465 80 0.35
0.553326495137457 81 0.35
0.536933122387936 82 0.35
0.619332127938483 83 0.35
0.650375499990662 84 0.35
0.733634442191075 85 0.35
0.731300711610487 86 0.35
0.758581424825769 87 0.35
0.677620677922021 88 0.35
0.701916156449826 89 0.35
0.589174048994219 90 0.35
0.540634050835475 91 0.35
0.632858826801854 92 0.35
0.690770641805289 93 0.35
0.636182691127793 94 0.35
0.650508206169128 95 0.35
0.699444411643888 96 0.35
0.705298269393123 97 0.35
0.746353198707569 98 0.35
0.750771844088792 99 0.35
0.749831606320752 100 0.35
0.671026026636654 101 0.35
0.652607272172754 102 0.35
0.579512896910007 103 0.35
0.588726203678193 104 0.35
0.572742521991925 105 0.35
0.697842211398152 106 0.35
0.734992682588371 107 0.35
0.721888635598558 108 0.35
0.726127037018335 109 0.35
0.771033520152099 110 0.35
0.792233530254881 111 0.35
0.747592634823704 112 0.35
0.747324127904039 113 0.35
0.753824549162603 114 0.35
0.625722743795978 115 0.35
0.581681030901724 116 0.35
0.543884790140356 117 0.35
0.563009802152813 118 0.35
0.604415458451967 119 0.35
0.682155249531811 120 0.35
0.704767667468537 121 0.35
0.714316736402241 122 0.35
0.66731552814093 123 0.35
0.621639296102125 124 0.35
0.661926537781723 125 0.35
0.638452899671484 126 0.35
0.494503002048653 127 0.35
0.444872078407429 128 0.35
0.482696787880642 129 0.35
0.48998092014435 130 0.35
0.506627150963863 131 0.35
0.51565017926872 132 0.35
0.511814678037875 133 0.35
0.527450649375404 134 0.35
0.603215849137481 135 0.35
0.594705382863582 136 0.35
0.555819623424614 137 0.35
0.462292466647889 138 0.35
0.44468304656525 139 0.35
0.432810365334914 140 0.35
0.540122739714736 141 0.35
0.656356441772016 142 0.35
0.713595862403755 143 0.35
0.696123529629875 144 0.35
