0.41446336762117 1 0.35
0.442841389066515 2 0.35
0.466070168801031 3 0.35
0.457151460578155 4 0.35
0.415968217481915 5 0.35
0.315205709143518 6 0.35
0.249983851067645 7 0.35
0.361255554808528 8 0.35
0.361358902623765 9 0.35
0.340912519667171 10 0.35
0.457498360978744 11 0.35
0.522769850336544 12 0.35
0.551180685464319 13 0.35
0.592896451434481 14 0.35
0.594707292513641 15 0.35
0.619831982622483 16 0.35
0.55279143584269 17 0.35
0.614044559483477 18 0.35
0.573605660789917 19 0.35
0.615673129519241 20 0.35
0.560101398390554 21 0.35
0.533505857274077 22 0.35
0.615031995220895 23 0.35
0.771504988952709 24 0.35
0.798391296694889 25 0.35
0.800502363030592 26 0.35
0.732816082372133 27 0.35
0.778990666564283 28 0.35
0.759679126790958 29 0.35
0.693504977325755 30 0.35
0.596080443518286 31 0.35
0.555757936109843 32 0.35
0.515040901903529 33 0.35
0.5769716608215 34 0.35
0.600227794738606 35 0.35
0.62458562683082 36 0.35
0.640076844781839 37 0.35
0.670686063622118 38 0.35
0.632378766325598 39 0.35
0.638410821078655 40 0.35
0.642954498681614 41 0.35
0.558521578407749 42 0.35
0.58592930141878 43 0.35
0.576461926045628 44 0.35
0.448003594573709 45 0.35
0.512636305405507 46 0.35
0.591461025808747 47 0.35
0.62366246715181 48 0.35
0.699373112526929 49 0.35
0.714196742440645 50 0.35
0.690629897343229 51 0.35
0.68790365431865 52 0.35
0.677975952716741 53 0.35
0.708666837852303 54 0.35
0.661481449258648 55 0.35
0.684101855453301 56 0.35
0.571997442155817 57 0.35
0.516967384139035 58 0.35
0.588918133054894 59 0.35
0.612077130694443 60 0.35
0.701745205484057 61 0.35
0.736647108787729 62 0.35
0.765695340153751 63 0.35
0.77257632958776 64 0.35
0.645200801030927 65 0.35
0.537820766403301 66 0.35
0.502104807177469 67 0.35
0.512773751631144 68 0.35
0.491697468353875 69 0.35
0.516713130432725 70 0.35
0.51716672572037 71 0.35
0.490781322163979 72 0.35
0.574145980396249 73 0.35
0.54777933432863 74 0.35
0.557194264606871 75 0.35
0.505476930403575 76 0.35
0.51046597605642 77 0.35
0.429332383776279 78 0.35
0.431474749944284 79 0.35
0.396641880512953 80 0.35
0.29856942061439 81 0.35
0.273358736895469 82 0.35
0.450483101813284 83 0.35
0.429728289144541 84 0.35
0.474823296678696 85 0.35
0.505815272421265 86 0.35
0.578762617771433 87 0.35
0.57465367916206 88 0.35
0.513000774927015 89 0.35
0.520201339046282 90 0.35
0.491639632926465 91 0.35
0.43410617057105 92 0.35
0.411553100149398 93 0.35
0.358547314028168 94 0.35
0.398086799341775 95 0.35
0.490524071483658 96 0.35
0.546860525110078 97 0.35
0.537855009190273 98 0.35
0.5538677584972 99 0.35
0.534855871467189 100 0.35
0.601268390864835 101 0.35
0.547750503144425 102 0.35
0.432813203629793 103 0.35
0.415164201804752 104 0.35
0.417105602940169 105 0.35
0.431328274614107 106 0.35
0.525777070852904 107 0.35
0.524913625172639 108 0.35
0.562114389783414 109 0.35
0.608097998706488 110 0.35
0.638248905862166 111 0.35
0.663942301554369 112 0.35
0.683391481835639 113 0.35
0.784250240552191 114 0.35
0.70920441337842 115 0.35
0.684389755433455 116 0.35
0.589509600635853 117 0.35
0.601195461226563 118 0.35
0.745327948050527 119 0.35
0.601298132810804 120 0.35
0.67048870404551 121 0.35
0.660802988310552 122 0.35
0.671955774355578 123 0.35
0.691441874507604 124 0.35
0.600115777184544 125 0.35
0.631984451237026 126 0.35
0.556310438634903 127 0.35
0.562950164231043 128 0.35
0.624259925623792 129 0.35
0.691930859117315 130 0.35
0.687783560554115 131 0.35
0.732108466766238 132 0.35
0.71202832728566 133 0.35
0.7349340135542 134 0.35
0.760731149011029 135 0.35
0.690779972942995 136 0.35
0.65507259398611 137 0.35
0.668764491127473 138 0.35
0.626669872512369 139 0.35
0.596008041630848 140 0.35
0.636503004019157 141 0.35
0.565720779078199 142 0.35
0.580750702337931 143 0.35
0.59891593971318 144 0.35
