0.568797002272126 1 0.35
0.573411410126001 2 0.35
0.61572095786326 3 0.35
0.618858939333291 4 0.35
0.536845614043365 5 0.35
0.586378292468797 6 0.35
0.487634523907906 7 0.35
0.37504336676318 8 0.35
0.370086613514453 9 0.35
0.352246008127769 10 0.35
0.338235673503547 11 0.35
0.463490508339533 12 0.35
0.518885226849581 13 0.35
0.644553986349515 14 0.35
0.676268023825188 15 0.35
0.630176210528098 16 0.35
0.645466906965422 17 0.35
0.589291649249511 18 0.35
0.53218032176822 19 0.35
0.597338432799164 20 0.35
0.548708327583084 21 0.35
0.453285809050787 22 0.35
0.502937891825961 23 0.35
0.601143907300055 24 0.35
0.689135613723907 25 0.35
0.730262316847209 26 0.35
0.797442396017409 27 0.35
0.817496041108803 28 0.35
0.807066223801142 29 0.35
0.745226935491931 30 0.35
0.740401391401332 31 0.35
0.72491030950315 32 0.35
0.678531622220601 33 0.35
0.58071362943691 34 0.35
0.482413035937081 35 0.35
0.469247495557268 36 0.35
0.481824948521823 37 0.35
0.52244553562165 38 0.35
0.54357139936921 39 0.35
0.508184375109169 40 0.35
0.497989665688354 41 0.35
0.503692038137419 42 0.35
0.377230639595454 43 0.35
0.26108328201792 44 0.35
0.254654836238139 45 0.35
0.286781808911892 46 0.35
0.303223396054492 47 0.35
0.345705460708628 48 0.35
0.436934628970848 49 0.35
0.456409040890382 50 0.35
0.457982917376656 51 0.35
0.437250041706634 52 0.35
0.457187433624257 53 0.35
0.391263479504126 54 0.35
0.324295061154831 55 0.35
0.326291513525544 56 0.35
0.276904897724924 57 0.35
0.289540405154203 58 0.35
0.291934600059698 59 0.35
0.406646066661836 60 0.35
0.525086847597687 61 0.35
0.599170323173219 62 0.35
0.588500255443822 63 0.35
0.772723951406547 64 0.35
0.771811745475888 65 0.35
0.679265106778233 66 0.35
0.671820054166378 67 0.35
0.529312414888545 68 0.35
0.565728111127409 69 0.35
0.631591667014604 70 0.35
0.745194643975524 71 0.35
0.639868974625202 72 0.35
0.682019076061716 73 0.35
0.606370460872575 74 0.35
0.696665037075245 75 0.35
0.673657090615393 76 0.35
0.807057808315481 77 0.35
0.773884361164622 78 0.35
0.698377183221986 79 0.35
0.592414308995126 80 0.35
0.689482995149019 81 0.35
0.675501338497786 82 0.35
0.578686628468425 83 0.35
0.543856641206941 84 0.35
0.628935023246863 85 0.35
0.644929032663029 86 0.35
0.699207166635977 87 0.35
0.735499859840214 88 0.35
0.617177922201135 89 0.35
0.592211204133763 90 0.35
0.565236851186408 91 0.35
0.557281866829791 92 0.35
0.480420968725772 93 0.35
0.473330912553013 94 0.35
0.475002804006259 95 0.35
0.427503242707189 96 0.35
0.478871599566657 97 0.35
0.524067829966633 98 0.35
0.571357098534295 99 0.35
0.606113050313069 100 0.35
0.647546514388693 101 0.35
0.649657769995527 102 0.35
0.603580035124617 103 0.35
0.630555433806067 104 0.35
0.603086847728626 105 0.35
0.623202627159598 106 0.35
0.715517356613726 107 0.35
0.696939850383169 108 0.35
0.795791822057421 109 0.35
0.771497183100909 110 0.35
0.762606412090397 111 0.35
0.772753022589646 112 0.35
0.715133905050382 113 0.35
0.53295858526377 114 0.35
0.613868283953273 115 0.35
0.618902392803399 116 0.35
0.480343681944207 117 0.35
0.493339736802464 118 0.35
0.607109865045464 119 0.35
0.670875131664016 120 0.35
0.658083269768043 121 0.35
0.678593869644451 122 0.35
0.709249035917253 123 0.35
0.651488648723208 124 0.35
0.554389487817132 125 0.35
0.523509116286118 126 0.35
0.50669756353064 127 0.35
0.341070961910345 128 0.35
0.352588727271926 129 0.35
0.325810141553855 130 0.35
0.434396832565243 131 0.35
0.475907394809137 132 0.35
0.62340212008764 133 0.35
0.685105979187943 134 0.35
0.695967086574845 135 0.35
0.690672968900788 136 0.35
0.579285840916962 137 0.35
0.484661011018544 138 0.35
0.518156556493808 139 0.35
0.476991574930672 140 0.35
0.474310880500025 141 0.35
0.475626733726298 142 0.35
0.370840165052981 143 0.35
0.420392280596012 144 0.35
