0.587894834266023 1 0.35
0.617207634758133 2 0.35
0.690327976732409 3 0.35
0.707685652259531 4 0.35
0.690995018690038 5 0.35
0.685353854248491 6 0.35
0.653979232520455 7 0.35
0.537209311759859 8 0.35
0.653277422073645 9 0.35
0.625604172264684 10 0.35
0.621694675620531 11 0.35
0.620883435171615 12 0.35
0.729259360952543 13 0.35
0.800085419476275 14 0.35
0.827560901691383 15 0.35
0.73360942522243 16 0.35
0.714247500069146 17 0.35
0.66953886598694 18 0.35
0.617386554148041 19 0.35
0.518821304677862 20 0.35
0.516019378863787 21 0.35
0.550019323493846 22 0.35
0.500514605229302 23 0.35
0.60895136704248 24 0.35
0.610389031777187 25 0.35
0.707153237233502 26 0.35
0.687683703450385 27 0.35
0.678156068716635 28 0.35
0.637626244411392 29 0.35
0.607729980005592 30 0.35
0.5820402588109 31 0.35
0.641477715431343 32 0.35
0.632214720264593 33 0.35
0.724594094143996 34 0.35
0.745315092652761 35 0.35
0.534394149788393 36 0.35
0.53806307672631 37 0.35
0.523607121628957 38 0.35
0.595010157186274 39 0.35
0.557858018760516 40 0.35
0.588002823020623 41 0.35
0.596028600799173 42 0.35
0.612943563732748 43 0.35
0.585816197053132 44 0.35
0.552539489865575 45 0.35
0.527692031793174 46 0.35
0.60149431126643 47 0.35
0.670532716130034 48 0.35
0.737515210380323 49 0.35
0.697569107876116 50 0.35
0.668531285622378 51 0.35
0.635168866012073 52 0.35
0.616831736608574 53 0.35
0.59551129958366 54 0.35
0.64860159862082 55 0.35
0.587636564157813 56 0.35
0.646415900344282 57 0.35
0.574542823462681 58 0.35
0.581870718696756 59 0.35
0.57993738826816 60 0.35
0.589492438723743 61 0.35
0.642551939977963 62 0.35
0.633500424656493 63 0.35
0.560060518190765 64 0.35
0.550244927455456 65 0.35
0.508453663154107 66 0.35
0.428044677174213 67 0.35
0.497951381568003 68 0.35
0.51506308867565 69 0.35
0.452215180535229 70 0.35
0.547924822722458 71 0.35
0.697346432739288 72 0.35
0.784183976999451 73 0.35
0.661099077146816 74 0.35
0.71886766432877 75 0.35
0.745086888003214 76 0.35
0.658950689849399 77 0.35
0.666129922234118 78 0.35
0.568002408507337 79 0.35
0.637667791359287 80 0.35
0.585682212901551 81 0.35
0.591781163479741 82 0.35
0.608635357000401 83 0.35
0.677554186931763 84 0.35
0.695205750292235 85 0.35
0.705512600155877 86 0.35
0.714680190619336 87 0.35
0.748731790104789 88 0.35
0.75215677040941 89 0.35
0.733936275369275 90 0.35
0.637504197535964 91 0.35
0.690072948596848 92 0.35
0.685780663824963 93 0.35
0.623510354022476 94 0.35
0.67106377338204 95 0.35
0.710299650635903 96 0.35
0.756712150082212 97 0.35
0.694140918519283 98 0.35
0.650697535385658 99 0.35
0.612674001547462 100 0.35
0.551939672750568 101 0.35
0.391490069810889 102 0.35
0.345627261125353 103 0.35
0.363749757905095 104 0.35
0.32930007443428 105 0.35
0.41722364486781 106 0.35
0.464785426947906 107 0.35
0.508102723171803 108 0.35
0.657196508534726 109 0.35
0.67354125266384 110 0.35
0.723166660413509 111 0.35
0.672943513802229 112 0.35
0.615748305445713 113 0.35
0.642955168071056 114 0.35
0.682150965880459 115 0.35
0.579456951165212 116 0.35
0.5417781812873 117 0.35
0.627393094526206 118 0.35
0.625170689597782 119 0.35
0.654747238992311 120 0.35
0.726632691486146 121 0.35
0.775010743766084 122 0.35
0.827622600642113 123 0.35
0.733983614875334 124 0.35
0.77090517430127 125 0.35
0.692035566845811 126 0.35
0.543250074169525 127 0.35
0.477645168096037 128 0.35
0.399545675676419 129 0.35
0.515944239561065 130 0.35
0.519283837433078 131 0.35
0.508151050520053 132 0.35
0.593098586224269 133 0.35
0.66666154833284 134 0.35
0.706608742285233 135 0.35
0.812338291801121 136 0.35
0.771039916182016 137 0.35
0.758318762343242 138 0.35
0.700410096725367 139 0.35
0.619679914416976 140 0.35
0.524370077413107 141 0.35
0.509996358414322 142 0.35
0.512051638628689 143 0.35
0.636696681840069 144 0.35
