0.77095446300785 1 0.35
0.70574580508332 2 0.35
0.741967804760914 3 0.35
0.739395006600556 4 0.35
0.741065007806526 5 0.35
0.674507271668111 6 0.35
0.595400172923249 7 0.35
0.621273394362994 8 0.35
0.53706771813409 9 0.35
0.46341772098272 10 0.35
0.472170183248969 11 0.35
0.501202700414138 12 0.35
0.577551461285548 13 0.35
0.586606180846129 14 0.35
0.554197187234616 15 0.35
0.54972607203964 16 0.35
0.451553471567645 17 0.35
0.392132926130563 18 0.35
0.321848163553707 19 0.35
0.273480457551198 20 0.35
0.317380268451617 21 0.35
0.386690626027292 22 0.35
0.41571313567232 23 0.35
0.497612529181249 24 0.35
0.567798617481333 25 0.35
0.691071778148706 26 0.35
0.666599078648127 27 0.35
0.588011441552721 28 0.35
0.606838471860154 29 0.35
0.533641326602212 30 0.35
0.548283144532575 31 0.35
0.508378205157871 32 0.35
0.599231328440669 33 0.35
0.613114613746418 34 0.35
0.614410676225729 35 0.35
0.651591204312072 36 0.35
0.753359707045987 37 0.35
0.692150520614255 38 0.35
0.707814324453261 39 0.35
0.710575409613873 40 0.35
0.674419101902223 41 0.35
0.592138590123153 42 0.35
0.639119839796163 43 0.35
0.537990792629315 44 0.35
0.54739240849728 45 0.35
0.601509148478996 46 0.35
0.652197932411527 47 0.35
0.722917608420525 48 0.35
0.761145977095994 49 0.35
0.757942911650449 50 0.35
0.768999814695205 51 0.35
0.806912955611239 52 0.35
0.752784297960962 53 0.35
0.710932356505971 54 0.35
0.651420322625531 55 0.35
0.683328201744061 56 0.35
0.694958981874866 57 0.35
0.703158016236198 58 0.35
0.596209463446181 59 0.35
0.643592514161971 60 0.35
0.680531464431456 61 0.35
0.728446435843978 62 0.35
0.765203280874402 63 0.35
0.773173076348649 64 0.35
0.674200773280901 65 0.35
0.638237464718362 66 0.35
0.522922083441153 67 0.35
0.473382802204109 68 0.35
0.467539570169633 69 0.35
0.608931424818268 70 0.35
0.60258785558263 71 0.35
0.598488877712943 72 0.35
0.660188910139743 73 0.35
0.687159559990255 74 0.35
0.700147831544162 75 0.35
0.624558814727356 76 0.35
0.692743543822961 77 0.35
0.715397672067436 78 0.35
0.484303023777134 79 0.35
0.479331870696873 80 0.35
0.511815765668276 81 0.35
0.440897293898844 82 0.35
0.504825576495813 83 0.35
0.647138546836819 84 0.35
0.690002508955489 85 0.35
0.668211152887835 86 0.35
0.716441809384911 87 0.35
0.745280501718471 88 0.35
0.717590663700189 89 0.35
0.653286874930545 90 0.35
0.586375992171222 91 0.35
0.677248298297872 92 0.35
0.636406746196141 93 0.35
0.671575389546238 94 0.35
0.689789495764357 95 0.35
0.764618025833328 96 0.35
0.793793745818263 97 0.35
0.822211379229505 98 0.35
0.703362794448973 99 0.35
0.683036823899118 100 0.35
0.683739732342539 101 0.35
0.707112709856977 102 0.35
0.673978081085925 103 0.35
0.595158398340219 104 0.35
0.561403195083372 105 0.35
0.541168837462069 106 0.35
0.590023701668921 107 0.35
0.691991565408608 108 0.35
0.722877574737777 109 0.35
0.821183131437977 110 0.35
0.767659396854259 111 0.35
0.756572106648461 112 0.35
0.685185066211104 113 0.35
0.621903385739169 114 0.35
0.593757571985802 115 0.35
0.499103285183024 116 0.35
0.476635395151187 117 0.35
0.512230989947545 118 0.35
0.502069699239355 119 0.35
0.661307872418454 120 0.35
0.799696743534588 121 0.35
0.774954527279702 122 0.35
0.716505607476119 123 0.35
0.750518110981859 124 0.35
0.718692312468226 125 0.35
0.636174941902556 126 0.35
0.579754329566451 127 0.35
0.5621399229144 128 0.35
0.468309639197911 129 0.35
0.444671676111285 130 0.35
0.423331643819096 131 0.35
0.522918921717324 132 0.35
0.585073023662614 133 0.35
0.744796771512875 134 0.35
0.728865291840952 135 0.35
0.765619379947512 136 0.35
0.71432403465841 137 0.35
0.666740714858031 138 0.35
0.553732746188999 139 0.35
0.643516615988323 140 0.35
0.64722243339694 141 0.35
0.649007267627249 142 0.35
0.669475374699883 143 0.35
0.637451524540902 144 0.35
