0.682666338896619 1 0.35
0.677644081505591 2 0.35
0.791657990538105 3 0.35
0.748423027047063 4 0.35
0.554426404116502 5 0.35
0.509381159853434 6 0.35
0.447701919380496 7 0.35
0.453578922326119 8 0.35
0.488926332695933 9 0.35
0.594450388917904 10 0.35
0.593911414975186 11 0.35
0.620010762070594 12 0.35
0.596712864138046 13 0.35
0.623663935573173 14 0.35
0.632359136829502 15 0.35
0.616356069114368 16 0.35
0.55295516450379 17 0.35
0.539670553034038 18 0.35
0.623041001138854 19 0.35
0.565773671266846 20 0.35
0.449762043288186 21 0.35
0.44310658456803 22 0.35
0.565028213182411 23 0.35
0.596917932371725 24 0.35
0.676121497421656 25 0.35
0.735753990187622 26 0.35
0.710068209656009 27 0.35
0.721508135772995 28 0.35
0.664917795210718 29 0.35
0.666161285996179 30 0.35
0.547443947160521 31 0.35
0.507975275147681 32 0.35
0.445188704433118 33 0.35
0.461267626126727 34 0.35
0.502982675695947 35 0.35
0.510832386050918 36 0.35
0.592823118931627 37 0.35
0.58222299645575 38 0.35
0.685692719854559 39 0.35
0.66546285150669 40 0.35
0.63294886286767 41 0.35
0.580623396940165 42 0.35
0.621918993444663 43 0.35
0.537575070691789 44 0.35
0.653057888480205 45 0.35
0.670084964140757 46 0.35
0.692883154165519 47 0.35
0.733440561141252 48 0.35
0.750489743912579 49 0.35
0.69860945649812 50 0.35
0.677967736073125 51 0.35
0.633295326435059 52 0.35
0.650478503772059 53 0.35
0.608035511560157 54 0.35
0.632710995130562 55 0.35
0.558941730318165 56 0.35
0.562788573005272 57 0.35
0.601517910380991 58 0.35
0.669306828866669 59 0.35
0.754798624230531 60 0.35
0.806743941638372 61 0.35
0.809175286899313 62 0.35
0.827575977330087 63 0.35
0.783475987815505 64 0.35
0.674585652600635 65 0.35
0.663021973358448 66 0.35
0.729007452374225 67 0.35
0.724903579014319 68 0.35
0.675815730067389 69 0.35
0.72457238012397 70 0.35
0.684126872535579 71 0.35
0.761277413987765 72 0.35
0.742259490605184 73 0.35
0.793960790984568 74 0.35
0.771981670605836 75 0.35
0.712431387838844 76 0.35
0.602149623933541 77 0.35
0.445308022101 78 0.35
0.435499325272224 79 0.35
0.474833138606078 80 0.35
0.395778502100708 81 0.35
0.259974583113345 82 0.35
0.37693475417999 83 0.35
0.560242498631636 84 0.35
0.555369683212339 85 0.35
0.576924914354432 86 0.35
0.643992991493278 87 0.35
0.640193409251669 88 0.35
0.652985979835422 89 0.35
0.564244345205523 90 0.35
0.572235408362902 91 0.35
0.609859410080827 92 0.35
0.491182935219992 93 0.35
0.570737691716665 94 0.35
0.584899757014533 95 0.35
0.665336126748014 96 0.35
0.722229195335757 97 0.35
0.822155551889182 98 0.35
0.715175817568033 99 0.35
0.734123118641432 100 0.35
0.676720896857652 101 0.35
0.456349493302094 102 0.35
0.340007251552485 103 0.35
0.268886809119624 104 0.35
0.249450226745956 105 0.35
0.292153929994195 106 0.35
0.372914839573065 107 0.35
0.432955037045598 108 0.35
0.48431640741781 109 0.35
0.567246186040816 110 0.35
0.595916802360992 111 0.35
0.577759463523544 112 0.35
0.551499167038307 113 0.35
0.559597382573444 114 0.35
0.501795937473788 115 0.35
0.443873716913682 116 0.35
0.465765510049211 117 0.35
0.473949340115811 118 0.35
0.571772288163552 119 0.35
0.636512629467596 120 0.35
0.728958213038969 121 0.35
0.75917372547695 122 0.35
0.776452539101965 123 0.35
0.810616137478529 124 0.35
0.807094656356426 125 0.35
0.772761430260695 126 0.35
0.630300194584565 127 0.35
0.613603597126517 128 0.35
0.550513654136954 129 0.35
0.632961251290946 130 0.35
0.649001194472466 131 0.35
0.701963421198112 132 0.35
0.782666408643307 133 0.35
0.769759213272117 134 0.35
0.735700797873321 135 0.35
0.661876577559697 136 0.35
0.653942532414228 137 0.35
0.659810337572007 138 0.35
0.6217440801854 139 0.35
0.586103237976312 140 0.35
0.630205703304604 141 0.35
0.569575081952493 142 0.35
0.572126789931182 143 0.35
0.64682597862476 144 0.35
