0.650360335120922 1 0.35
0.712058786143138 2 0.35
0.659815906026499 3 0.35
0.716872098439175 4 0.35
0.70202876170843 5 0.35
0.709146721734055 6 0.35
0.579309265905235 7 0.35
0.568274999866724 8 0.35
0.58273072750583 9 0.35
0.564528317740633 10 0.35
0.542595664093818 11 0.35
0.516899674616977 12 0.35
0.667146955696755 13 0.35
0.756716637163083 14 0.35
0.710931301903816 15 0.35
0.711841869508905 16 0.35
0.738585667417262 17 0.35
0.759013524897188 18 0.35
0.598302245708178 19 0.35
0.685418113726418 20 0.35
0.716765027659265 21 0.35
0.637704689768281 22 0.35
0.593512797453286 23 0.35
0.610021102227252 24 0.35
0.709544837758926 25 0.35
0.772702550944127 26 0.35
0.786288387529557 27 0.35
0.649836488991094 28 0.35
0.67476801885081 29 0.35
0.578731232224443 30 0.35
0.575393488635022 31 0.35
0.618337831585689 32 0.35
0.620354043953368 33 0.35
0.658061000655433 34 0.35
0.578363658410928 35 0.35
0.64250378048868 36 0.35
0.673659009037419 37 0.35
0.672831459191412 38 0.35
0.713350026244725 39 0.35
0.723823491085056 40 0.35
0.788664612164941 41 0.35
0.717949710212614 42 0.35
0.667889897502718 43 0.35
0.624365038520052 44 0.35
0.597335129532726 45 0.35
0.471153874098224 46 0.35
0.519050794959993 47 0.35
0.497306173184933 48 0.35
0.548774723142399 49 0.35
0.579164948658605 50 0.35
0.637612062825238 51 0.35
0.657548540790101 52 0.35
0.700304471262828 53 0.35
0.666214105474411 54 0.35
0.658936511338148 55 0.35
0.684149892499043 56 0.35
0.61931888369765 57 0.35
0.595902197206145 58 0.35
0.697017144683583 59 0.35
0.69616007562378 60 0.35
0.721024962334739 61 0.35
0.822051334849994 62 0.35
0.784215297273363 63 0.35
0.783532930663821 64 0.35
0.776257485179212 65 0.35
0.689305826111133 66 0.35
0.695182259872576 67 0.35
0.666343125369588 68 0.35
0.572344750442248 69 0.35
0.724621332163471 70 0.35
0.665291856118439 71 0.35
0.745923570537918 72 0.35
0.73008326876117 73 0.35
0.775143250061924 74 0.35
0.808982495797142 75 0.35
0.804685896819429 76 0.35
0.642643368013029 77 0.35
0.532594751412893 78 0.35
0.527341602165112 79 0.35
0.52973961100471 80 0.35
0.577429998880481 81 0.35
0.605728627394354 82 0.35
0.56121791069109 83 0.35
0.61162295829593 84 0.35
0.659335660798162 85 0.35
0.742126660639956 86 0.35
0.710651485342793 87 0.35
0.576682522430842 88 0.35
0.520121090385967 89 0.35
0.464230649628566 90 0.35
0.408384759333653 91 0.35
0.351100674431672 92 0.35
0.372690833037771 93 0.35
0.485642639442625 94 0.35
0.514207721519686 95 0.35
0.551205099010683 96 0.35
0.675914183537997 97 0.35
0.68507554827804 98 0.35
0.75415320905976 99 0.35
0.699286265481262 100 0.35
0.752637907779899 101 0.35
0.681566107586772 102 0.35
0.430752844698108 103 0.35
0.402225345862679 104 0.35
0.538507876566391 105 0.35
0.507007361372638 106 0.35
0.478082954144768 107 0.35
0.516478588676445 108 0.35
0.57199857898856 109 0.35
0.585995960608915 110 0.35
0.589428996533094 111 0.35
0.592978223967957 112 0.35
0.572304075474863 113 0.35
0.700492566734235 114 0.35
0.591709564285649 115 0.35
0.582345940386682 116 0.35
0.556055472893522 117 0.35
0.460194532911507 118 0.35
0.473748398718286 119 0.35
0.556878406674922 120 0.35
0.506621400631488 121 0.35
0.58179692674656 122 0.35
0.616190073724621 123 0.35
0.579807964279948 124 0.35
0.645527225696814 125 0.35
0.623530436006648 126 0.35
0.612991228270003 127 0.35
0.520745962899386 128 0.35
0.653065054215824 129 0.35
0.586209836514592 130 0.35
0.574212285578975 131 0.35
0.611565905204773 132 0.35
0.660745060582327 133 0.35
0.715473571599843 134 0.35
0.779728914715087 135 0.35
0.766357803787023 136 0.35
0.795520808416497 137 0.35
0.73401931039824 138 0.35
0.570814183788655 139 0.35
0.60766158472905 140 0.35
0.650171054711783 141 0.35
0.641042756686361 142 0.35
0.626402472888634 143 0.35
0.654796522595887 144 0.35
