0.776948476782574 1 0.35
0.736389348633338 2 0.35
0.753402845121912 3 0.35
0.607289344161362 4 0.35
0.47879959211371 5 0.35
0.442633401184781 6 0.35
0.392602730052326 7 0.35
0.358439733168039 8 0.35
0.36409499960367 9 0.35
0.382492178589894 10 0.35
0.488639372006528 11 0.35
0.614973941396082 12 0.35
0.727262986188248 13 0.35
0.714924609599158 14 0.35
0.714356463275695 15 0.35
0.732572516085669 16 0.35
0.724097560916638 17 0.35
0.733371795508536 18 0.35
0.632205303394418 19 0.35
0.55706154573561 20 0.35
0.591844971377445 21 0.35
0.581319695697541 22 0.35
0.588676767064059 23 0.35
0.615886604902546 24 0.35
0.673498993182436 25 0.35
0.663906695987707 26 0.35
0.707680200703957 27 0.35
0.686216641439769 28 0.35
0.669446348589278 29 0.35
0.636513129989834 30 0.35
0.56492042749676 31 0.35
0.520034198857071 32 0.35
0.470651434509563 33 0.35
0.486828889247743 34 0.35
0.593259120892096 35 0.35
0.726419561847178 36 0.35
0.753090239451711 37 0.35
0.74814285101643 38 0.35
0.717084282481135 39 0.35
0.702331880288569 40 0.35
0.723818481994306 41 0.35
0.689773605982737 42 0.35
0.522210196907469 43 0.35
0.450468721373171 44 0.35
0.577535922541309 45 0.35
0.643566493225364 46 0.35
0.677746109986448 47 0.35
0.771621466863806 48 0.35
0.742188473711535 49 0.35
0.757200534582375 50 0.35
0.746328719761066 51 0.35
0.708493973727778 52 0.35
0.638104800160239 53 0.35
0.559051281617206 54 0.35
0.469609560222323 55 0.35
0.47482924515316 56 0.35
0.573254192029504 57 0.35
0.583736906628781 58 0.35
0.602249346194322 59 0.35
0.687570813359297 60 0.35
0.650013527931403 61 0.35
0.671635605113991 62 0.35
0.650272505338056 63 0.35
0.66299418901537 64 0.35
0.712923386230377 65 0.35
0.600881723692294 66 0.35
0.541531827645903 67 0.35
0.544334947393899 68 0.35
0.591403977362469 69 0.35
0.674437763980747 70 0.35
0.745370425929302 71 0.35
0.752449628942735 72 0.35
0.712599029338799 73 0.35
0.687039368722339 74 0.35
0.67947946358609 75 0.35
0.693025112689351 76 0.35
0.652871973303242 77 0.35
0.687788837029379 78 0.35
0.605879848982386 79 0.35
0.503685764168316 80 0.35
0.58579469745252 81 0.35
0.627641854468213 82 0.35
0.6067197736361 83 0.35
0.685715675078501 84 0.35
0.712965134561587 85 0.35
0.704604883259564 86 0.35
0.757597380445266 87 0.35
0.74173031265022 88 0.35
0.675181985228537 89 0.35
0.555345882378763 90 0.35
0.585854309399268 91 0.35
0.519374954816657 92 0.35
0.505034404633912 93 0.35
0.478017974898278 94 0.35
0.479529711741889 95 0.35
0.514697235318779 96 0.35
0.6126319203319 97 0.35
0.686514724134779 98 0.35
0.743999897923485 99 0.35
0.764440052001464 100 0.35
0.799413648423186 101 0.35
0.784399503865526 102 0.35
0.598511531063582 103 0.35
0.52065883450309 104 0.35
0.41001690543734 105 0.35
0.499987430148352 106 0.35
0.475852246849987 107 0.35
0.641512496074389 108 0.35
0.678484633720904 109 0.35
0.82207110527599 110 0.35
0.693747491225143 111 0.35
0.685292055095826 112 0.35
0.637127038884509 113 0.35
0.668788272997403 114 0.35
0.566726249276194 115 0.35
0.537618783769557 116 0.35
0.515125230138707 117 0.35
0.554030023538998 118 0.35
0.601555204909877 119 0.35
0.650683095173888 120 0.35
0.528269446771336 121 0.35
0.501068807861377 122 0.35
0.548868541253796 123 0.35
0.574317283813342 124 0.35
0.489561871184554 125 0.35
0.539297966896246 126 0.35
0.471769898808773 127 0.35
0.521795325556312 128 0.35
0.47260185645305 129 0.35
0.514500845371963 130 0.35
0.594530108495229 131 0.35
0.675774657921226 132 0.35
0.724405854242961 133 0.35
0.760185651334352 134 0.35
0.724407594626706 135 0.35
0.722140343711656 136 0.35
0.698487229943367 137 0.35
0.628270535422246 138 0.35
0.603219700272327 139 0.35
0.591814862962798 140 0.35
0.617478051966811 141 0.35
0.551365866960067 142 0.35
0.566369620022091 143 0.35
0.469563105370783 144 0.35
