0.629056077101965 1 0.35
0.668894937703602 2 0.35
0.673523647345381 3 0.35
0.657583293981521 4 0.35
0.575807407348522 5 0.35
0.509580587967239 6 0.35
0.51895272473402 7 0.35
0.492164853439694 8 0.35
0.447718703463242 9 0.35
0.394765310822241 10 0.35
0.433700720576027 11 0.35
0.434464474548969 12 0.35
0.392802781762966 13 0.35
0.466291992084366 14 0.35
0.483885181471107 15 0.35
0.488904635610346 16 0.35
0.467740098360818 17 0.35
0.418923679628228 18 0.35
0.375499024777902 19 0.35
0.43242545996241 20 0.35
0.449769859799015 21 0.35
0.481810045646638 22 0.35
0.547455174000654 23 0.35
0.595188110270955 24 0.35
0.641687565343042 25 0.35
0.645496517882897 26 0.35
0.603563159128197 27 0.35
0.546924708135467 28 0.35
0.520738474196715 29 0.35
0.475849163247715 30 0.35
0.433584541236721 31 0.35
0.328428293866245 32 0.35
0.296228329819724 33 0.35
0.376041711432091 34 0.35
0.417757700756315 35 0.35
0.529182357850504 36 0.35
0.543742967139717 37 0.35
0.574813673104209 38 0.35
0.628154880680068 39 0.35
0.639170701522458 40 0.35
0.61676218082326 41 0.35
0.65570879079393 42 0.35
0.524823024800721 43 0.35
0.577874790517702 44 0.35
0.519196857327798 45 0.35
0.573124866628334 46 0.35
0.503562389370911 47 0.35
0.557409590982154 48 0.35
0.575231569219739 49 0.35
0.635317650198934 50 0.35
0.726206960684918 51 0.35
0.763365495470834 52 0.35
0.70362061094027 53 0.35
0.682932411608744 54 0.35
0.613164110611801 55 0.35
0.580588917811675 56 0.35
0.563503307054669 57 0.35
0.623445815979767 58 0.35
0.673010514297447 59 0.35
0.662541545476256 60 0.35
0.72647576261119 61 0.35
0.733737580448299 62 0.35
0.693604765916493 63 0.35
0.643023402195166 64 0.35
0.614565517676859 65 0.35
0.676735480478091 66 0.35
0.696941200442392 67 0.35
0.678715942011322 68 0.35
0.522114855376396 69 0.35
0.507161236743408 70 0.35
0.499035262151168 71 0.35
0.671563194648086 72 0.35
0.679515317216975 73 0.35
0.689824538827082 74 0.35
0.661110333551456 75 0.35
0.651389798135546 76 0.35
0.646013358210722 77 0.35
0.644126723804947 78 0.35
0.564446765249221 79 0.35
0.59973860438319 80 0.35
0.462399047380945 81 0.35
0.461547737621158 82 0.35
0.527166649988236 83 0.35
0.603418907567422 84 0.35
0.689579018254994 85 0.35
0.715726484630354 86 0.35
0.791731292191365 87 0.35
0.697085828591247 88 0.35
0.671404516796621 89 0.35
0.695606950380393 90 0.35
0.528908360324943 91 0.35
0.469551695583201 92 0.35
0.463491287398016 93 0.35
0.403920567889736 94 0.35
0.472457667413375 95 0.35
0.625874873554025 96 0.35
0.643740108226064 97 0.35
0.620362432849131 98 0.35
0.602435301229202 99 0.35
0.554890538552287 100 0.35
0.507200238086312 101 0.35
0.445754508235947 102 0.35
0.42471506202574 103 0.35
0.405238269829811 104 0.35
0.420335444749517 105 0.35
0.472844047658678 106 0.35
0.60917066644 107 0.35
0.595296205660662 108 0.35
0.60683884457249 109 0.35
0.684576552086443 110 0.35
0.738291269190321 111 0.35
0.791628293268725 112 0.35
0.764971530978701 113 0.35
0.678522659618967 114 0.35
0.605883492392012 115 0.35
0.550158237789495 116 0.35
0.62524952252047 117 0.35
0.502743689427358 118 0.35
0.503535359915947 119 0.35
0.475821370658771 120 0.35
0.508928307494766 121 0.35
0.512687105117889 122 0.35
0.582522350203984 123 0.35
0.519570662876595 124 0.35
0.492146723295486 125 0.35
0.525252954680303 126 0.35
0.401533428347701 127 0.35
0.378178877033887 128 0.35
0.357422804634073 129 0.35
0.449638156653076 130 0.35
0.504050753378953 131 0.35
0.607086742304861 132 0.35
0.655440131142125 133 0.35
0.576148425035335 134 0.35
0.595277396666652 135 0.35
0.60640148413369 136 0.35
0.58680681587589 137 0.35
0.580567501649668 138 0.35
0.493975328350082 139 0.35
0.460906300013495 140 0.35
0.403371219771281 141 0.35
0.444093261324958 142 0.35
0.537275964145061 143 0.35
0.571060870213271 144 0.35
