0.561500258158569 1 0.35
0.546599723090273 2 0.35
0.581070330280066 3 0.35
0.607488454567019 4 0.35
0.576603423162531 5 0.35
0.5767885171175 6 0.35
0.542957085545384 7 0.35
0.630975338552831 8 0.35
0.627659484280477 9 0.35
0.50622099975722 10 0.35
0.673678617778918 11 0.35
0.716438852137825 12 0.35
0.759912621115494 13 0.35
0.747039168034953 14 0.35
0.734049127635791 15 0.35
0.724619544958499 16 0.35
0.68074259608089 17 0.35
0.643155969182854 18 0.35
0.600688001297023 19 0.35
0.514206334910869 20 0.35
0.572543945863495 21 0.35
0.642241283858421 22 0.35
0.659427976108305 23 0.35
0.666218449630589 24 0.35
0.658545399689349 25 0.35
0.703803209583547 26 0.35
0.688122682974099 27 0.35
0.703822107378182 28 0.35
0.636367010562069 29 0.35
0.657910750266025 30 0.35
0.580870703566933 31 0.35
0.631142242148299 32 0.35
0.601212130243347 33 0.35
0.615558387593162 34 0.35
0.629538237372304 35 0.35
0.578672349488336 36 0.35
0.592779235739486 37 0.35
0.652972184062057 38 0.35
0.679612536238055 39 0.35
0.682175589098679 40 0.35
0.746387475811294 41 0.35
0.696441149164305 42 0.35
0.74583322933553 43 0.35
0.602088776587682 44 0.35
0.637738448711546 45 0.35
0.707645592048433 46 0.35
0.632382646869109 47 0.35
0.638737464333889 48 0.35
0.699236098211527 49 0.35
0.740320831119942 50 0.35
0.659977092633723 51 0.35
0.600627036123669 52 0.35
0.624234962314985 53 0.35
0.611426109608329 54 0.35
0.573757244309691 55 0.35
0.537353832248189 56 0.35
0.615308326793748 57 0.35
0.589539798741772 58 0.35
0.690580282517728 59 0.35
0.712044522140923 60 0.35
0.776237940658947 61 0.35
0.746538746766309 62 0.35
0.782240921473084 63 0.35
0.790627139644799 64 0.35
0.776142945868508 65 0.35
0.764143775641129 66 0.35
0.562190633858699 67 0.35
0.601042536878393 68 0.35
0.545307146718837 69 0.35
0.586058865617545 70 0.35
0.64069711513576 71 0.35
0.717075774771291 72 0.35
0.771560963672745 73 0.35
0.680094634471065 74 0.35
0.786747613036417 75 0.35
0.77696425887618 76 0.35
0.729707279046417 77 0.35
0.722517227905157 78 0.35
0.745832044017846 79 0.35
0.635971974715763 80 0.35
0.665595595709055 81 0.35
0.617150979133657 82 0.35
0.572732766087781 83 0.35
0.638625299899388 84 0.35
0.653265746622417 85 0.35
0.722804162694307 86 0.35
0.791346132865801 87 0.35
0.788462489935115 88 0.35
0.807072217858716 89 0.35
0.78437860444779 90 0.35
0.711180517805789 91 0.35
0.688953021934984 92 0.35
0.678758458338017 93 0.35
0.627627541251199 94 0.35
0.491740008824571 95 0.35
0.484727721155419 96 0.35
0.577729274964664 97 0.35
0.635279501836265 98 0.35
0.660965973383238 99 0.35
0.766808279262926 100 0.35
0.773517236593203 101 0.35
0.704933063676174 102 0.35
0.682464142403042 103 0.35
0.725043243062234 104 0.35
0.640133747315658 105 0.35
0.659987266100344 106 0.35
0.560600868261846 107 0.35
0.685346559786993 108 0.35
0.602139354062493 109 0.35
0.616189312794398 110 0.35
0.61563567901976 111 0.35
0.650215214735236 112 0.35
0.634468929867069 113 0.35
0.60618939863181 114 0.35
0.566014361996052 115 0.35
0.548888184195914 116 0.35
0.601920591925117 117 0.35
0.596399970884485 118 0.35
0.518973335355827 119 0.35
0.563019125662982 120 0.35
0.558684229105353 121 0.35
0.681371144265352 122 0.35
0.670301321283805 123 0.35
0.656322212080193 124 0.35
0.624548959574781 125 0.35
0.566175053508177 126 0.35
0.562902588000614 127 0.35
0.587204848281868 128 0.35
0.674926349235868 129 0.35
0.662103149739832 130 0.35
0.649382023414164 131 0.35
0.621721687521128 132 0.35
0.528818405998867 133 0.35
0.57422822999985 134 0.35
0.560397718424352 135 0.35
0.567486669000523 136 0.35
0.582234425838949 137 0.35
0.427682985793992 138 0.35
0.332280270275466 139 0.35
0.382934834006187 140 0.35
0.456552588502653 141 0.35
0.41119027392612 142 0.35
0.440917489135572 143 0.35
0.5067016794611 144 0.35
