0.598113649780176 1 0.35
0.687349446246088 2 0.35
0.735421026075778 3 0.35
0.74848333551857 4 0.35
0.769146469571858 5 0.35
0.579040468948002 6 0.35
0.553848688892053 7 0.35
0.468480094743798 8 0.35
0.460594390643891 9 0.35
0.49984682373957 10 0.35
0.564854964739188 11 0.35
0.53518107433333 12 0.35
0.567955038327108 13 0.35
0.57098220536586 14 0.35
0.586264781649452 15 0.35
0.755940097449276 16 0.35
0.807133054871858 17 0.35
0.601325543658441 18 0.35
0.603029679285097 19 0.35
0.559546562901322 20 0.35
0.544072778154427 21 0.35
0.557212460426818 22 0.35
0.652632362238423 23 0.35
0.671807252942363 24 0.35
0.695906531982282 25 0.35
0.726014171510413 26 0.35
0.794880942042129 27 0.35
0.77291382556861 28 0.35
0.784439480947114 29 0.35
0.725459745138802 30 0.35
0.745773440283221 31 0.35
0.656594169651848 32 0.35
0.632950366957095 33 0.35
0.610081116448963 34 0.35
0.609841950480253 35 0.35
0.541049497002217 36 0.35
0.58982194420428 37 0.35
0.678791622989756 38 0.35
0.708112718722128 39 0.35
0.721123185624452 40 0.35
0.687119772225753 41 0.35
0.670137978724111 42 0.35
0.627416223665985 43 0.35
0.63437623846343 44 0.35
0.658658465958676 45 0.35
0.589265816579199 46 0.35
0.685565468162538 47 0.35
0.67747369650178 48 0.35
0.700514539786548 49 0.35
0.593947215239447 50 0.35
0.597875045492376 51 0.35
0.542618083336621 52 0.35
0.570693608889435 53 0.35
0.587602308007161 54 0.35
0.496181203829012 55 0.35
0.442219369127669 56 0.35
0.434401189957055 57 0.35
0.444772573672749 58 0.35
0.474592688739172 59 0.35
0.527780371293129 60 0.35
0.587126095656105 61 0.35
0.634866183069291 62 0.35
0.655242613469975 63 0.35
0.640684632819429 64 0.35
0.592400263066382 65 0.35
0.40556886727027 66 0.35
0.329639117794612 67 0.35
0.387085140187342 68 0.35
0.393870449894427 69 0.35
0.428150943610814 70 0.35
0.511474112281504 71 0.35
0.565137793827089 72 0.35
0.490055390880855 73 0.35
0.504441620574462 74 0.35
0.532312259882505 75 0.35
0.567350926992862 76 0.35
0.498233485066463 77 0.35
0.449136658870555 78 0.35
0.390255559944736 79 0.35
0.399521633552842 80 0.35
0.436607263806135 81 0.35
0.453273083132697 82 0.35
0.482213474912043 83 0.35
0.582948309478421 84 0.35
0.683185622596062 85 0.35
0.739959471195647 86 0.35
0.680851981179144 87 0.35
0.707491983515437 88 0.35
0.733851967875654 89 0.35
0.549548432958258 90 0.35
0.474418983610394 91 0.35
0.503461869393499 92 0.35
0.572735434702106 93 0.35
0.502715884120816 94 0.35
0.491697223213396 95 0.35
0.554437515152206 96 0.35
0.643726079108941 97 0.35
0.609193716886034 98 0.35
0.611503505222354 99 0.35
0.596802840656254 100 0.35
0.575871076169016 101 0.35
0.514349312679708 102 0.35
0.443437475488087 103 0.35
0.420899505612315 104 0.35
0.36153811795688 105 0.35
0.441401121195731 106 0.35
0.595746413658422 107 0.35
0.592247898784882 108 0.35
0.738787818108519 109 0.35
0.788908531884119 110 0.35
0.776988008070437 111 0.35
0.721995465494307 112 0.35
0.707921662324307 113 0.35
0.670132933765536 114 0.35
0.675364837755482 115 0.35
0.586275405509352 116 0.35
0.602924459738574 117 0.35
0.641747887896608 118 0.35
0.710483761017148 119 0.35
0.700020330446373 120 0.35
0.714418557833764 121 0.35
0.782292008908049 122 0.35
0.724285696443448 123 0.35
0.791113262175468 124 0.35
0.756910507682115 125 0.35
0.725506106009757 126 0.35
0.63636906459271 127 0.35
0.511941396073479 128 0.35
0.441061536341589 129 0.35
0.428246868887918 130 0.35
0.486161223186854 131 0.35
0.496955941549783 132 0.35
0.562934485345301 133 0.35
0.621804107435489 134 0.35
0.666736664385354 135 0.35
0.657584711076793 136 0.35
0.621731967640126 137 0.35
0.666842109279477 138 0.35
0.552903819406465 139 0.35
0.488263276944207 140 0.35
0.472719570374527 141 0.35
0.546441888005058 142 0.35
0.696591536476367 143 0.35
0.732055728960116 144 0.35
