0.783601269844056 1 0.35
0.794475191378646 2 0.35
0.781228365794096 3 0.35
0.649175161349205 4 0.35
0.644805504303777 5 0.35
0.5940252236627 6 0.35
0.559909236217042 7 0.35
0.514820735163725 8 0.35
0.584520929920865 9 0.35
0.603694974038025 10 0.35
0.633790700719862 11 0.35
0.653680522955844 12 0.35
0.686392882734466 13 0.35
0.697268279180861 14 0.35
0.757177859335536 15 0.35
0.822334696839636 16 0.35
0.767820329476326 17 0.35
0.731398662886542 18 0.35
0.686472831010311 19 0.35
0.679697222056429 20 0.35
0.495395786970047 21 0.35
0.48517131349435 22 0.35
0.659121078172532 23 0.35
0.705451183953825 24 0.35
0.721462985141694 25 0.35
0.650855396388696 26 0.35
0.66335876044376 27 0.35
0.655688790950171 28 0.35
0.630643059890772 29 0.35
0.435109881564918 30 0.35
0.445778613972514 31 0.35
0.422950709580875 32 0.35
0.429776949073057 33 0.35
0.367359010833789 34 0.35
0.467145028747191 35 0.35
0.497022098976592 36 0.35
0.619027298491093 37 0.35
0.627537862453931 38 0.35
0.683602339937372 39 0.35
0.715648272614813 40 0.35
0.759670256007207 41 0.35
0.74342499028688 42 0.35
0.70478458476899 43 0.35
0.60445639728374 44 0.35
0.600545280087225 45 0.35
0.523567691941366 46 0.35
0.511319418848739 47 0.35
0.570009599975475 48 0.35
0.723406992018936 49 0.35
0.655771573501337 50 0.35
0.59329850336662 51 0.35
0.586536499879802 52 0.35
0.606718709737407 53 0.35
0.532582176844749 54 0.35
0.490207300271716 55 0.35
0.499235192993623 56 0.35
0.469237611164451 57 0.35
0.57677756043148 58 0.35
0.67185474396597 59 0.35
0.674810822358898 60 0.35
0.672062193739363 61 0.35
0.74855137775041 62 0.35
0.827596056642833 63 0.35
0.705050151387759 64 0.35
0.665948956995933 65 0.35
0.65039204445242 66 0.35
0.675170362569979 67 0.35
0.589936363757554 68 0.35
0.635878070180996 69 0.35
0.693976225193879 70 0.35
0.7430156406704 71 0.35
0.748994466330471 72 0.35
0.762818847092034 73 0.35
0.780126206946046 74 0.35
0.761372928806517 75 0.35
0.731802230290217 76 0.35
0.729365203565647 77 0.35
0.711842651877983 78 0.35
0.730080186599631 79 0.35
0.551287033386953 80 0.35
0.499260233597272 81 0.35
0.497727555825984 82 0.35
0.574207992920701 83 0.35
0.596005858203033 84 0.35
0.738699176581266 85 0.35
0.679913545915316 86 0.35
0.753952851258736 87 0.35
0.749208242215382 88 0.35
0.80714208740449 89 0.35
0.726716545283709 90 0.35
0.610453695498836 91 0.35
0.58082586933432 92 0.35
0.578373967516004 93 0.35
0.639285678901123 94 0.35
0.679604345716321 95 0.35
0.721051797070136 96 0.35
0.72004759437519 97 0.35
0.804451964064814 98 0.35
0.792366217329327 99 0.35
0.790089378768331 100 0.35
0.688731520016818 101 0.35
0.733168739584673 102 0.35
0.694113234446299 103 0.35
0.705959878251881 104 0.35
0.700824564968011 105 0.35
0.683831270610626 106 0.35
0.69831157971986 107 0.35
0.716377355737943 108 0.35
0.775136002029805 109 0.35
0.806136572379386 110 0.35
0.775536624790855 111 0.35
0.752364156841072 112 0.35
0.751973151727903 113 0.35
0.475743880484146 114 0.35
0.370678134041105 115 0.35
0.401224548472721 116 0.35
0.360662117250517 117 0.35
0.372852478181334 118 0.35
0.397828638683302 119 0.35
0.402630713591398 120 0.35
0.449315270797719 121 0.35
0.498950176439071 122 0.35
0.491155771154537 123 0.35
0.448377221463385 124 0.35
0.483766295297905 125 0.35
0.452120576714681 126 0.35
0.388344615214058 127 0.35
0.325865939353858 128 0.35
0.388909310720915 129 0.35
0.410432720025546 130 0.35
0.402038996904827 131 0.35
0.419558926906831 132 0.35
0.487042409550193 133 0.35
0.546491164999317 134 0.35
0.621004083896905 135 0.35
0.610558700263927 136 0.35
0.574789421550021 137 0.35
0.511548056033834 138 0.35
0.412351562037542 139 0.35
0.431721649862933 140 0.35
0.448370135348732 141 0.35
0.501726814448235 142 0.35
0.574033511864223 143 0.35
0.620634416301082 144 0.35
