0.721874513712539 1 0.35
0.665287274608717 2 0.35
0.757847195775079 3 0.35
0.761185078830978 4 0.35
0.807065799816315 5 0.35
0.702575869500373 6 0.35
0.701066146271145 7 0.35
0.548103424278634 8 0.35
0.526333382497312 9 0.35
0.657579223054539 10 0.35
0.665272339646686 11 0.35
0.675102772138343 12 0.35
0.69632221192035 13 0.35
0.722986744871072 14 0.35
0.72355622283557 15 0.35
0.780785249198083 16 0.35
0.640565733567605 17 0.35
0.586033024732624 18 0.35
0.540300197609889 19 0.35
0.502495287690462 20 0.35
0.504568292461236 21 0.35
0.461356079230806 22 0.35
0.539390938955644 23 0.35
0.528440105837766 24 0.35
0.615569278553793 25 0.35
0.65082055407117 26 0.35
0.608196306812892 27 0.35
0.529631928246857 28 0.35
0.666312021548551 29 0.35
0.509746955165183 30 0.35
0.696237200108605 31 0.35
0.681255202792194 32 0.35
0.716820359804833 33 0.35
0.724614755002319 34 0.35
0.745205476839707 35 0.35
0.701944060733505 36 0.35
0.726927965203162 37 0.35
0.822036949996842 38 0.35
0.827616533421811 39 0.35
0.692023223587819 40 0.35
0.690496811849721 41 0.35
0.672315814206119 42 0.35
0.633306834343166 43 0.35
0.665580469989929 44 0.35
0.656587664914472 45 0.35
0.597379819490536 46 0.35
0.579303790738492 47 0.35
0.717726091605088 48 0.35
0.749520515631993 49 0.35
0.784967410858051 50 0.35
0.754191237215149 51 0.35
0.56041133899355 52 0.35
0.545752622824417 53 0.35
0.480193802766532 54 0.35
0.389642573989887 55 0.35
0.507228583502289 56 0.35
0.504000658609255 57 0.35
0.517005462079966 58 0.35
0.516497287799592 59 0.35
0.562212275323815 60 0.35
0.571827046908745 61 0.35
0.560792375930327 62 0.35
0.571534668279366 63 0.35
0.485959552604186 64 0.35
0.506220615451321 65 0.35
0.493773831399933 66 0.35
0.370410678526709 67 0.35
0.382710217351469 68 0.35
0.428922672105275 69 0.35
0.440021428908489 70 0.35
0.566844358999763 71 0.35
0.595400868403113 72 0.35
0.624415674321719 73 0.35
0.682540005088992 74 0.35
0.790119901667401 75 0.35
0.734613011532836 76 0.35
0.741837729810474 77 0.35
0.768147840642285 78 0.35
0.660305325374437 79 0.35
0.660357078198426 80 0.35
0.597439742789901 81 0.35
0.507302567826667 82 0.35
0.593490832973405 83 0.35
0.538641278428116 84 0.35
0.597701598574411 85 0.35
0.561445735245948 86 0.35
0.538992443206474 87 0.35
0.552423771946194 88 0.35
0.484828560365463 89 0.35
0.447636489372717 90 0.35
0.388063742823506 91 0.35
0.302440232706988 92 0.35
0.291780109661714 93 0.35
0.293386887060516 94 0.35
0.35096841923231 95 0.35
0.416760513615033 96 0.35
0.478867974261233 97 0.35
0.532380999868989 98 0.35
0.561541900695454 99 0.35
0.545152822633441 100 0.35
0.532566231502865 101 0.35
0.508617354367442 102 0.35
0.456701613866538 103 0.35
0.402054671147972 104 0.35
0.3816355805534 105 0.35
0.452934655060646 106 0.35
0.481665319796972 107 0.35
0.461305081533217 108 0.35
0.541200621660783 109 0.35
0.60139992232529 110 0.35
0.608465405677203 111 0.35
0.636088574888419 112 0.35
0.62863421499097 113 0.35
0.445202292661859 114 0.35
0.362941369477301 115 0.35
0.327289852089745 116 0.35
0.326019736051602 117 0.35
0.420973042339556 118 0.35
0.448623293639715 119 0.35
0.550534830095735 120 0.35
0.648999146944615 121 0.35
0.646978631893467 122 0.35
0.633516900985889 123 0.35
0.657013860433223 124 0.35
0.705276127623124 125 0.35
0.620830086517874 126 0.35
0.651853339708082 127 0.35
0.646049734047855 128 0.35
0.606879365368919 129 0.35
0.663127870680765 130 0.35
0.575638517471329 131 0.35
0.69123828537503 132 0.35
0.698127325753349 133 0.35
0.758243298022438 134 0.35
0.664543134922223 135 0.35
0.63715291162762 136 0.35
0.661687579518352 137 0.35
0.58807208504334 138 0.35
0.523603871653142 139 0.35
0.48270801475954 140 0.35
0.540062824397114 141 0.35
0.599309054410706 142 0.35
0.683159510705679 143 0.35
0.620445351991334 144 0.35
