0.55915693719646 1 0.35
0.536474141264554 2 0.35
0.666684297183753 3 0.35
0.684906371822926 4 0.35
0.693593568655974 5 0.35
0.634909537092055 6 0.35
0.572047142130358 7 0.35
0.440294718116187 8 0.35
0.466424624128144 9 0.35
0.543009926319309 10 0.35
0.573030336059214 11 0.35
0.664813696056169 12 0.35
0.761780662591996 13 0.35
0.681187282764657 14 0.35
0.731154455525043 15 0.35
0.704250712166236 16 0.35
0.691768345489476 17 0.35
0.74233921003792 18 0.35
0.745853658875065 19 0.35
0.638368185600976 20 0.35
0.678891798450911 21 0.35
0.691054481443073 22 0.35
0.680753528039647 23 0.35
0.668608159772988 24 0.35
0.62505902181791 25 0.35
0.650990719732579 26 0.35
0.742320769538606 27 0.35
0.74491912490417 28 0.35
0.807187330303875 29 0.35
0.763466534864531 30 0.35
0.693967645168035 31 0.35
0.580792951169683 32 0.35
0.635377563732271 33 0.35
0.673422160934131 34 0.35
0.658402917293322 35 0.35
0.738249346745642 36 0.35
0.7421261798756 37 0.35
0.817709358751993 38 0.35
0.726351374683235 39 0.35
0.659923761886608 40 0.35
0.71101265994342 41 0.35
0.725908193225505 42 0.35
0.639870267055978 43 0.35
0.603986234682225 44 0.35
0.538382534517089 45 0.35
0.622106905366107 46 0.35
0.638977545985032 47 0.35
0.692647208046589 48 0.35
0.806657968756995 49 0.35
0.791576032149396 50 0.35
0.716504369540636 51 0.35
0.684742210367094 52 0.35
0.629868690402501 53 0.35
0.694615309260889 54 0.35
0.56204541960121 55 0.35
0.595606537527107 56 0.35
0.628145267525046 57 0.35
0.486042670374267 58 0.35
0.574829933917549 59 0.35
0.756573434957987 60 0.35
0.78232735852924 61 0.35
0.750189668248727 62 0.35
0.700552502414856 63 0.35
0.700676687354841 64 0.35
0.659410748978657 65 0.35
0.529234391915685 66 0.35
0.441322646402839 67 0.35
0.355547548652555 68 0.35
0.308995261945708 69 0.35
0.311527568483551 70 0.35
0.318703787540756 71 0.35
0.389307541216714 72 0.35
0.443048588453782 73 0.35
0.469032198246312 74 0.35
0.459376889172344 75 0.35
0.519848564475355 76 0.35
0.456801579511651 77 0.35
0.390820483138718 78 0.35
0.351397990514718 79 0.35
0.310303476429211 80 0.35
0.314392730319227 81 0.35
0.348802102216052 82 0.35
0.371319886254704 83 0.35
0.450389046443273 84 0.35
0.491845958376908 85 0.35
0.546316936224616 86 0.35
0.574999512453201 87 0.35
0.591222904587628 88 0.35
0.557225190386703 89 0.35
0.58873311963074 90 0.35
0.480955993134788 91 0.35
0.404688622528331 92 0.35
0.374292085121497 93 0.35
0.447676551541492 94 0.35
0.498762819219406 95 0.35
0.545715520463671 96 0.35
0.582893101569161 97 0.35
0.550890035011474 98 0.35
0.574067101081645 99 0.35
0.559904472284031 100 0.35
0.654214188017208 101 0.35
0.652294483236916 102 0.35
0.620370000684551 103 0.35
0.500479826318353 104 0.35
0.591717455365756 105 0.35
0.641520373567585 106 0.35
0.716227398226804 107 0.35
0.771557363974137 108 0.35
0.71422799385293 109 0.35
0.63521918272243 110 0.35
0.644030741807697 111 0.35
0.701242013296345 112 0.35
0.727778146442865 113 0.35
0.626930503851823 114 0.35
0.484534501081009 115 0.35
0.428991993234381 116 0.35
0.357575557796012 117 0.35
0.390589788900067 118 0.35
0.407348757375087 119 0.35
0.413942400523857 120 0.35
0.483386668493476 121 0.35
0.574581828786341 122 0.35
0.638734811265139 123 0.35
0.669030218808925 124 0.35
0.612910272200071 125 0.35
0.540983617666546 126 0.35
0.513832129421409 127 0.35
0.385457102179456 128 0.35
0.36159663989537 129 0.35
0.368930357737127 130 0.35
0.471068917981395 131 0.35
0.516601782320971 132 0.35
0.603508080307341 133 0.35
0.570883487922288 134 0.35
0.62089746173878 135 0.35
0.605623932055909 136 0.35
0.640536640133946 137 0.35
0.728379283372443 138 0.35
0.609748703974071 139 0.35
0.542447546016148 140 0.35
0.455082645796454 141 0.35
0.436347402122001 142 0.35
0.404961722816443 143 0.35
0.478650669648145 144 0.35
