0.709080667830217 1 0.35
0.77286664813553 2 0.35
0.660626254108217 3 0.35
0.630353947543734 4 0.35
0.686626817249776 5 0.35
0.660434491241104 6 0.35
0.580359281202959 7 0.35
0.596618444386969 8 0.35
0.481022503735905 9 0.35
0.434112876583116 10 0.35
0.506491659539864 11 0.35
0.524863810336022 12 0.35
0.557778930786553 13 0.35
0.64999912445819 14 0.35
0.66683335414237 15 0.35
0.705280199351779 16 0.35
0.714237324590468 17 0.35
0.702921208299229 18 0.35
0.657877378724353 19 0.35
0.630223930570427 20 0.35
0.594235173325637 21 0.35
0.636440233471213 22 0.35
0.646863460729416 23 0.35
0.69651958175486 24 0.35
0.715510523295768 25 0.35
0.736052685076887 26 0.35
0.756580748262444 27 0.35
0.822388120722948 28 0.35
0.739367287700419 29 0.35
0.700866600022601 30 0.35
0.731701495559391 31 0.35
0.570797357251519 32 0.35
0.584600043383979 33 0.35
0.60469320430587 34 0.35
0.692398514556642 35 0.35
0.688768946265927 36 0.35
0.70918344400795 37 0.35
0.720051272113689 38 0.35
0.6679031438339 39 0.35
0.511844770544145 40 0.35
0.468566422529994 41 0.35
0.389659918299052 42 0.35
0.313660571086765 43 0.35
0.303443426943843 44 0.35
0.273423104649766 45 0.35
0.307832111226035 46 0.35
0.473379732913039 47 0.35
0.542635433651983 48 0.35
0.601208918333044 49 0.35
0.66165922549251 50 0.35
0.666998253618659 51 0.35
0.622439147541067 52 0.35
0.603539393065107 53 0.35
0.633520521481056 54 0.35
0.697887474592287 55 0.35
0.685064605735032 56 0.35
0.675176192826571 57 0.35
0.618268204431948 58 0.35
0.701697639160686 59 0.35
0.746345196873719 60 0.35
0.780512139733809 61 0.35
0.704118458582125 62 0.35
0.609136091918579 63 0.35
0.600102982742249 64 0.35
0.611898554714522 65 0.35
0.635368224860189 66 0.35
0.490288403856504 67 0.35
0.398451398650705 68 0.35
0.393579686881554 69 0.35
0.400611998770628 70 0.35
0.560261353594123 71 0.35
0.58128804707253 72 0.35
0.557349955924589 73 0.35
0.616418920677257 74 0.35
0.643152492706811 75 0.35
0.653459464086849 76 0.35
0.687304983294379 77 0.35
0.600622985123155 78 0.35
0.533504257392688 79 0.35
0.516442784516628 80 0.35
0.480833206127436 81 0.35
0.466821317640444 82 0.35
0.457444053112925 83 0.35
0.41601858851332 84 0.35
0.409692113446142 85 0.35
0.436221768245926 86 0.35
0.448485252045047 87 0.35
0.481807140126865 88 0.35
0.523513185532139 89 0.35
0.581398148874204 90 0.35
0.493757124334642 91 0.35
0.45584036019023 92 0.35
0.351964140924292 93 0.35
0.350496523668012 94 0.35
0.374875618894528 95 0.35
0.409423896710325 96 0.35
0.515682911493885 97 0.35
0.545376980618776 98 0.35
0.542782511898627 99 0.35
0.522515128991418 100 0.35
0.538905645148853 101 0.35
0.526710418608291 102 0.35
0.479581701382382 103 0.35
0.353926101168186 104 0.35
0.34271136178803 105 0.35
0.3632029724684 106 0.35
0.461090181024977 107 0.35
0.485833028211955 108 0.35
0.556694577243103 109 0.35
0.62230141718209 110 0.35
0.595118245014101 111 0.35
0.611242811665466 112 0.35
0.537720392541998 113 0.35
0.654781571435661 114 0.35
0.563800796626143 115 0.35
0.540708008150334 116 0.35
0.534818006467184 117 0.35
0.537242568650167 118 0.35
0.533766445324923 119 0.35
0.623245087065635 120 0.35
0.641928133769745 121 0.35
0.653467297980369 122 0.35
0.602144956159496 123 0.35
0.599663029433062 124 0.35
0.527640366067721 125 0.35
0.471881534645299 126 0.35
0.365717829322984 127 0.35
0.338192393316121 128 0.35
0.343163244128279 129 0.35
0.375460166921906 130 0.35
0.425369838809105 131 0.35
0.549191382352731 132 0.35
0.653417769394687 133 0.35
0.634371942260729 134 0.35
0.682279876531242 135 0.35
0.745014555777441 136 0.35
0.724201475343849 137 0.35
0.638600375955869 138 0.35
0.605929622538486 139 0.35
0.552890425596724 140 0.35
0.553959088945505 141 0.35
0.604779228213098 142 0.35
0.745336441759223 143 0.35
0.645319958882385 144 0.35
