0.708355185074801 1 0.35
0.674729894305085 2 0.35
0.600102722184099 3 0.35
0.627334785009049 4 0.35
0.632086254860085 5 0.35
0.625653146742736 6 0.35
0.594054057117864 7 0.35
0.459448834454077 8 0.35
0.435277940595609 9 0.35
0.42445386791558 10 0.35
0.513203604259794 11 0.35
0.638713929903786 12 0.35
0.737702954405952 13 0.35
0.768558794307386 14 0.35
0.729160449414612 15 0.35
0.720590749413221 16 0.35
0.675344058336136 17 0.35
0.603605885426845 18 0.35
0.615763550753494 19 0.35
0.645651085110972 20 0.35
0.614350686260442 21 0.35
0.549686610663638 22 0.35
0.654692421662336 23 0.35
0.700660145038654 24 0.35
0.769347191612132 25 0.35
0.745605592678881 26 0.35
0.782113476401931 27 0.35
0.769546611984326 28 0.35
0.790976431370617 29 0.35
0.720863927250695 30 0.35
0.674841654751251 31 0.35
0.58420145468182 32 0.35
0.526220527779803 33 0.35
0.519008614717308 34 0.35
0.627439115745344 35 0.35
0.696414525927363 36 0.35
0.704351394283741 37 0.35
0.676765771393854 38 0.35
0.673525834049126 39 0.35
0.559962347785307 40 0.35
0.554582032566409 41 0.35
0.467590402778359 42 0.35
0.37808955528045 43 0.35
0.32988025766212 44 0.35
0.243649250626969 45 0.35
0.229732474142373 46 0.35
0.186322599786263 47 0.35
0.223228790573693 48 0.35
0.286221999337894 49 0.35
0.318650052613318 50 0.35
0.329253060532198 51 0.35
0.333348019671042 52 0.35
0.314081862206949 53 0.35
0.328494213195282 54 0.35
0.287363040701262 55 0.35
0.325812292008409 56 0.35
0.360032924960082 57 0.35
0.401495883361947 58 0.35
0.375612066570995 59 0.35
0.413841563033716 60 0.35
0.448164959535962 61 0.35
0.48552632942685 62 0.35
0.568442763634963 63 0.35
0.548659789295766 64 0.35
0.600257295756956 65 0.35
0.536740156494662 66 0.35
0.537291626235944 67 0.35
0.518833547825438 68 0.35
0.490489325295682 69 0.35
0.50840926731113 70 0.35
0.530659413146434 71 0.35
0.595100106949142 72 0.35
0.640313488723518 73 0.35
0.691920985757947 74 0.35
0.740132755765153 75 0.35
0.701443674598429 76 0.35
0.705287984351247 77 0.35
0.682763780666586 78 0.35
0.665968740246702 79 0.35
0.671128743189351 80 0.35
0.517971859522492 81 0.35
0.536754705351466 82 0.35
0.601285444789359 83 0.35
0.663216094191582 84 0.35
0.673841148095065 85 0.35
0.730808193109983 86 0.35
0.67625952261824 87 0.35
0.7564848585114 88 0.35
0.797989807702491 89 0.35
0.784283131170296 90 0.35
0.657091643375702 91 0.35
0.583001783965795 92 0.35
0.615117452928649 93 0.35
0.71403236438735 94 0.35
0.711730556485089 95 0.35
0.684994941384899 96 0.35
0.752299668962815 97 0.35
0.810879635114745 98 0.35
0.827540249337919 99 0.35
0.822436514501681 100 0.35
0.721274963348196 101 0.35
0.739201259505398 102 0.35
0.745812280578141 103 0.35
0.673232723222553 104 0.35
0.608764795541333 105 0.35
0.724655254829885 106 0.35
0.711749160685939 107 0.35
0.771598872634303 108 0.35
0.78934401154379 109 0.35
0.704435220081853 110 0.35
0.763371142190525 111 0.35
0.685796982998125 112 0.35
0.747780031124316 113 0.35
0.67300148826768 114 0.35
0.629424098278037 115 0.35
0.551143674638686 116 0.35
0.566875638046327 117 0.35
0.44743343586815 118 0.35
0.386092531891899 119 0.35
0.436137329910543 120 0.35
0.495231786736283 121 0.35
0.518709108228593 122 0.35
0.520127578191455 123 0.35
0.542357369186837 124 0.35
0.574298474310937 125 0.35
0.531891329222097 126 0.35
0.463805494189786 127 0.35
0.455029027424985 128 0.35
0.384973074175945 129 0.35
0.438624853516227 130 0.35
0.509924881551372 131 0.35
0.574305157590636 132 0.35
0.638820038317415 133 0.35
0.657066226452316 134 0.35
0.666340104324388 135 0.35
0.780409879662026 136 0.35
0.758254960660335 137 0.35
0.702686522147321 138 0.35
0.61090943860574 139 0.35
0.576957166455127 140 0.35
0.685838883495607 141 0.35
0.632313754821128 142 0.35
0.611474200547256 143 0.35
0.542731715999488 144 0.35
