0.592713962455837 1 0.35
0.73254382934659 2 0.35
0.756336979015572 3 0.35
0.705120587281166 4 0.35
0.627775954723226 5 0.35
0.532096988758025 6 0.35
0.484824701345753 7 0.35
0.43320472180518 8 0.35
0.275717394451742 9 0.35
0.285390836548155 10 0.35
0.297883942298817 11 0.35
0.355579567248078 12 0.35
0.414701875678647 13 0.35
0.460613631319555 14 0.35
0.447607274455487 15 0.35
0.518458236277196 16 0.35
0.501167226475583 17 0.35
0.472150673189388 18 0.35
0.41711125179369 19 0.35
0.4370247454187 20 0.35
0.468997755536622 21 0.35
0.456620607622729 22 0.35
0.5080831561512 23 0.35
0.583850909023656 24 0.35
0.728779913713713 25 0.35
0.797276772605123 26 0.35
0.82756110028536 27 0.35
0.822271812481909 28 0.35
0.786546023997824 29 0.35
0.654333850154484 30 0.35
0.65614469642721 31 0.35
0.551296137933641 32 0.35
0.48063222425398 33 0.35
0.567978759261306 34 0.35
0.61844039855577 35 0.35
0.706829867715641 36 0.35
0.708430780682973 37 0.35
0.641328387876754 38 0.35
0.649345965039557 39 0.35
0.56102334417117 40 0.35
0.571704033344595 41 0.35
0.505044264024385 42 0.35
0.49974944696612 43 0.35
0.425654869544456 44 0.35
0.441493894814586 45 0.35
0.692373893618145 46 0.35
0.706621389359653 47 0.35
0.670854980821422 48 0.35
0.758290907859703 49 0.35
0.754676594515922 50 0.35
0.778923035357012 51 0.35
0.722851258257966 52 0.35
0.669277728685624 53 0.35
0.617010006041227 54 0.35
0.585559165216698 55 0.35
0.479363763067775 56 0.35
0.415419359401762 57 0.35
0.374619610531874 58 0.35
0.459631395278101 59 0.35
0.535214623153338 60 0.35
0.654346516467242 61 0.35
0.681628246505923 62 0.35
0.743027900757966 63 0.35
0.713929875466491 64 0.35
0.607048747131552 65 0.35
0.441661099040723 66 0.35
0.34013156860806 67 0.35
0.342378292643342 68 0.35
0.370916391189412 69 0.35
0.393904557133152 70 0.35
0.433609924821614 71 0.35
0.452096353597346 72 0.35
0.575669978219291 73 0.35
0.691451675511432 74 0.35
0.693254186834857 75 0.35
0.670036283351555 76 0.35
0.644109423276217 77 0.35
0.600710138118602 78 0.35
0.564722374445228 79 0.35
0.509911702268541 80 0.35
0.550615446156897 81 0.35
0.649059232311996 82 0.35
0.55780380137791 83 0.35
0.666178957136409 84 0.35
0.736333349290594 85 0.35
0.701643335099194 86 0.35
0.695671591451036 87 0.35
0.710729551696463 88 0.35
0.779872175850595 89 0.35
0.737114227932526 90 0.35
0.613753085797179 91 0.35
0.609324605598045 92 0.35
0.610584333461105 93 0.35
0.633736865529938 94 0.35
0.668885478140719 95 0.35
0.676613191079663 96 0.35
0.702821553633856 97 0.35
0.808058696144603 98 0.35
0.755446368442384 99 0.35
0.788474265209483 100 0.35
0.693994728533489 101 0.35
0.677040297634125 102 0.35
0.590423624072696 103 0.35
0.509335881599699 104 0.35
0.535614608812743 105 0.35
0.58821204467808 106 0.35
0.627808390888831 107 0.35
0.674116226945927 108 0.35
0.708689304652328 109 0.35
0.667714206247953 110 0.35
0.636304729852386 111 0.35
0.821312220968301 112 0.35
0.807019106651867 113 0.35
0.78264465882289 114 0.35
0.700499925485479 115 0.35
0.615920379916902 116 0.35
0.564630529098951 117 0.35
0.622822577363081 118 0.35
0.589150847922301 119 0.35
0.620483026007906 120 0.35
0.640788387549686 121 0.35
0.72741237812482 122 0.35
0.700128500797361 123 0.35
0.667936201204773 124 0.35
0.615529001655803 125 0.35
0.544367656181036 126 0.35
0.411432294841408 127 0.35
0.382379169738165 128 0.35
0.354314951489311 129 0.35
0.35232295609404 130 0.35
0.459736597081878 131 0.35
0.577266156081878 132 0.35
0.701889615470238 133 0.35
0.728733800862605 134 0.35
0.706095549414788 135 0.35
0.691675303637388 136 0.35
0.675506347022647 137 0.35
0.642062394532523 138 0.35
0.553062540464503 139 0.35
0.547087713153464 140 0.35
0.445705076842155 141 0.35
0.593840828553148 142 0.35
0.55855346509043 143 0.35
0.679920801909196 144 0.35
