0.607304178013123 1 0.35
0.547541495563967 2 0.35
0.580831548371277 3 0.35
0.532855865088877 4 0.35
0.455251050117666 5 0.35
0.385427927161373 6 0.35
0.30917407975312 7 0.35
0.299876588185028 8 0.35
0.274553331600322 9 0.35
0.369816912552095 10 0.35
0.411686816338245 11 0.35
0.433424705751953 12 0.35
0.472306237677631 13 0.35
0.431638302689374 14 0.35
0.414390851176294 15 0.35
0.428725738332324 16 0.35
0.405487481491836 17 0.35
0.334202337045351 18 0.35
0.267785421303202 19 0.35
0.212185324154132 20 0.35
0.213245240516884 21 0.35
0.262216373983687 22 0.35
0.360691688880665 23 0.35
0.403452130812431 24 0.35
0.49025331594925 25 0.35
0.514206391808213 26 0.35
0.521995204498027 27 0.35
0.472857012655006 28 0.35
0.519484169691158 29 0.35
0.523970205454337 30 0.35
0.623715003593546 31 0.35
0.642335012579791 32 0.35
0.59003340099912 33 0.35
0.52123974540806 34 0.35
0.430419412640232 35 0.35
0.523712717447002 36 0.35
0.647645942218989 37 0.35
0.633670569453816 38 0.35
0.622383141725591 39 0.35
0.644311606155185 40 0.35
0.684344781003302 41 0.35
0.672998748387762 42 0.35
0.611374668225246 43 0.35
0.503323412270611 44 0.35
0.454060434355639 45 0.35
0.398033520406702 46 0.35
0.368377102996633 47 0.35
0.540769478224065 48 0.35
0.585619990288559 49 0.35
0.632341239426573 50 0.35
0.689279830889727 51 0.35
0.682297562492195 52 0.35
0.683149631806659 53 0.35
0.713635795113192 54 0.35
0.619419029640041 55 0.35
0.625611545832131 56 0.35
0.697404625774507 57 0.35
0.675021801921558 58 0.35
0.682664087502878 59 0.35
0.72054373311377 60 0.35
0.781064501298709 61 0.35
0.822081350419438 62 0.35
0.827522570381335 63 0.35
0.778771423909639 64 0.35
0.782044940552258 65 0.35
0.652905226608894 66 0.35
0.591391802960406 67 0.35
0.668046962172077 68 0.35
0.659665987431242 69 0.35
0.663625821704726 70 0.35
0.626281743454633 71 0.35
0.698633160540135 72 0.35
0.728370712556406 73 0.35
0.578128696182283 74 0.35
0.555093083286612 75 0.35
0.590760954281873 76 0.35
0.559081501158645 77 0.35
0.534217611898945 78 0.35
0.477153216033129 79 0.35
0.651192923801857 80 0.35
0.667636573009645 81 0.35
0.714853563775562 82 0.35
0.714880041204986 83 0.35
0.758620336383806 84 0.35
0.806589473454051 85 0.35
0.741548762304028 86 0.35
0.812166636342782 87 0.35
0.80647135509772 88 0.35
0.807102118487936 89 0.35
0.724118479894442 90 0.35
0.581038623156028 91 0.35
0.605828219396855 92 0.35
0.601896610110998 93 0.35
0.555096886845366 94 0.35
0.719398326957467 95 0.35
0.69170974357038 96 0.35
0.688030203405663 97 0.35
0.663156169900606 98 0.35
0.68829037745913 99 0.35
0.765751039859049 100 0.35
0.714078198142848 101 0.35
0.742209593687998 102 0.35
0.631835064564495 103 0.35
0.587681540712866 104 0.35
0.653498310705 105 0.35
0.596359614431247 106 0.35
0.580023747617833 107 0.35
0.643139466966081 108 0.35
0.627116865212371 109 0.35
0.711270074112983 110 0.35
0.730551479428518 111 0.35
0.744138206776261 112 0.35
0.763598056026995 113 0.35
0.706671345720909 114 0.35
0.581535621972918 115 0.35
0.550023753387165 116 0.35
0.488553006578827 117 0.35
0.537064278068122 118 0.35
0.542854048506016 119 0.35
0.630539062721412 120 0.35
0.625440344009396 121 0.35
0.683611643271623 122 0.35
0.709718408614654 123 0.35
0.750119410911465 124 0.35
0.741807407247602 125 0.35
0.631577460888408 126 0.35
0.522218001825572 127 0.35
0.505576517233751 128 0.35
0.526998140541466 129 0.35
0.514266255634624 130 0.35
0.579781651908017 131 0.35
0.633867204149545 132 0.35
0.696033703402551 133 0.35
0.724287439385422 134 0.35
0.74772445148134 135 0.35
0.800755350849118 136 0.35
0.777976370677599 137 0.35
0.760220562736927 138 0.35
0.725764517215777 139 0.35
0.724970543095082 140 0.35
0.631466111449608 141 0.35
0.662213941844418 142 0.35
0.706605459367024 143 0.35
0.719991823821304 144 0.35
