0.800891000686658 1 0.35
0.822132869884208 2 0.35
0.765707577012122 3 0.35
0.753199571791121 4 0.35
0.778702007348984 5 0.35
0.676642754762903 6 0.35
0.67441995129271 7 0.35
0.530365021069995 8 0.35
0.483782731248455 9 0.35
0.49946026796309 10 0.35
0.541725326240797 11 0.35
0.589358656387218 12 0.35
0.611192678457543 13 0.35
0.752983451542641 14 0.35
0.762401669727612 15 0.35
0.759738598413683 16 0.35
0.783868110680792 17 0.35
0.575766974799478 18 0.35
0.468976426057714 19 0.35
0.479877011843783 20 0.35
0.455478590751195 21 0.35
0.461589179753506 22 0.35
0.547679899240678 23 0.35
0.642891742268173 24 0.35
0.714368758640718 25 0.35
0.624862482196889 26 0.35
0.650363932578258 27 0.35
0.712784410253487 28 0.35
0.697661389286769 29 0.35
0.652408552700375 30 0.35
0.643482004977526 31 0.35
0.618218362548002 32 0.35
0.60637713496119 33 0.35
0.573467432420165 34 0.35
0.745285034568544 35 0.35
0.752270359984192 36 0.35
0.752709933042415 37 0.35
0.817972365797311 38 0.35
0.806229001912733 39 0.35
0.800970623791516 40 0.35
0.676076451540272 41 0.35
0.636420460096422 42 0.35
0.518581174880733 43 0.35
0.531656352915625 44 0.35
0.369134483949055 45 0.35
0.379152175754899 46 0.35
0.425057513986509 47 0.35
0.50450386427025 48 0.35
0.605614293077121 49 0.35
0.632291828198355 50 0.35
0.620421541393391 51 0.35
0.564481276350755 52 0.35
0.546145755230875 53 0.35
0.621912861606663 54 0.35
0.688546301170728 55 0.35
0.682578767991384 56 0.35
0.682404792356852 57 0.35
0.614191911397264 58 0.35
0.619189649303235 59 0.35
0.620919021053806 60 0.35
0.702144860465455 61 0.35
0.703733469344518 62 0.35
0.66834103492639 63 0.35
0.664378168748674 64 0.35
0.620429952823121 65 0.35
0.608577076737179 66 0.35
0.578981793610068 67 0.35
0.539503803026747 68 0.35
0.536745342013519 69 0.35
0.486085824720613 70 0.35
0.55794648304997 71 0.35
0.512647530193588 72 0.35
0.648128202015479 73 0.35
0.6893394137541 74 0.35
0.69964438638993 75 0.35
0.76522958596962 76 0.35
0.744111084909925 77 0.35
0.66340590497277 78 0.35
0.579134128049661 79 0.35
0.60471385368913 80 0.35
0.572717896147104 81 0.35
0.691778378317019 82 0.35
0.651592451544584 83 0.35
0.64908114620438 84 0.35
0.743831670199885 85 0.35
0.822068780846375 86 0.35
0.763720961920547 87 0.35
0.746958190803986 88 0.35
0.703796844396271 89 0.35
0.607792224126968 90 0.35
0.604684202822711 91 0.35
0.562005336767107 92 0.35
0.663261599838454 93 0.35
0.605965204325854 94 0.35
0.608130835598669 95 0.35
0.631072861122117 96 0.35
0.662251560886321 97 0.35
0.703794769009733 98 0.35
0.708989189492785 99 0.35
0.663457180119827 100 0.35
0.586236608125991 101 0.35
0.667143089916111 102 0.35
0.570564340927906 103 0.35
0.548439011782078 104 0.35
0.560433276041302 105 0.35
0.491612245093012 106 0.35
0.745347778405261 107 0.35
0.599605740185383 108 0.35
0.636859270346247 109 0.35
0.629843641540508 110 0.35
0.626727109050941 111 0.35
0.656113088630324 112 0.35
0.566524121857791 113 0.35
0.472737712955414 114 0.35
0.402024695447259 115 0.35
0.386736147111542 116 0.35
0.437920371407801 117 0.35
0.479225676970196 118 0.35
0.431278927607776 119 0.35
0.636277401940427 120 0.35
0.672561274733384 121 0.35
0.674273995401444 122 0.35
0.604469270017763 123 0.35
0.591313098015264 124 0.35
0.615523193209191 125 0.35
0.581079708709384 126 0.35
0.57317240202831 127 0.35
0.571911006229721 128 0.35
0.548762391932449 129 0.35
0.567871704291534 130 0.35
0.529038950780025 131 0.35
0.551919238242507 132 0.35
0.571653529235156 133 0.35
0.629712587153865 134 0.35
0.756948556663766 135 0.35
0.696563063832386 136 0.35
0.637066499722944 137 0.35
0.616063033257096 138 0.35
0.528133484016232 139 0.35
0.481525765175461 140 0.35
0.4777505320345 141 0.35
0.392041930816754 142 0.35
0.41238481250613 143 0.35
0.481751821124288 144 0.35
