0.620102173378338 1 0.35
0.677321330248685 2 0.35
0.714358293240744 3 0.35
0.684909490911204 4 0.35
0.60703006414341 5 0.35
0.618613961380709 6 0.35
0.558534999340534 7 0.35
0.508305949783625 8 0.35
0.571595658901327 9 0.35
0.528406960196765 10 0.35
0.587746448970546 11 0.35
0.643235624668641 12 0.35
0.701190623872487 13 0.35
0.644426621901004 14 0.35
0.698849199948497 15 0.35
0.668384404252241 16 0.35
0.665704419295934 17 0.35
0.696629336204064 18 0.35
0.54749277654986 19 0.35
0.57415969460156 20 0.35
0.573049557910247 21 0.35
0.616006331612965 22 0.35
0.621438778485009 23 0.35
0.534987607836097 24 0.35
0.580666608255934 25 0.35
0.632004683536893 26 0.35
0.648770528566304 27 0.35
0.532967683146755 28 0.35
0.485319969280523 29 0.35
0.446433890846874 30 0.35
0.386392567437903 31 0.35
0.336839064321877 32 0.35
0.394750296616931 33 0.35
0.372229068775027 34 0.35
0.428819861707093 35 0.35
0.529136422695269 36 0.35
0.576423885814417 37 0.35
0.57709912890461 38 0.35
0.609836474868962 39 0.35
0.659171602935757 40 0.35
0.621509754328285 41 0.35
0.633362895663881 42 0.35
0.564751382082257 43 0.35
0.489231748253686 44 0.35
0.449312410082706 45 0.35
0.484973127502851 46 0.35
0.592797332835832 47 0.35
0.648148345949521 48 0.35
0.729223470427513 49 0.35
0.771169296203552 50 0.35
0.790639773541447 51 0.35
0.739644390665055 52 0.35
0.807136977177222 53 0.35
0.561501655516163 54 0.35
0.518461383466387 55 0.35
0.504508886688789 56 0.35
0.509148905844353 57 0.35
0.361111335896872 58 0.35
0.391567425432356 59 0.35
0.418460817845387 60 0.35
0.567812064371313 61 0.35
0.614299745754058 62 0.35
0.587009066397765 63 0.35
0.512645399228781 64 0.35
0.49749781605132 65 0.35
0.54229200686557 66 0.35
0.475262559343777 67 0.35
0.523695027452747 68 0.35
0.464924175402906 69 0.35
0.62772480614838 70 0.35
0.637751715488068 71 0.35
0.608387978361241 72 0.35
0.646731793441749 73 0.35
0.649224798229874 74 0.35
0.678347422999358 75 0.35
0.628577508839033 76 0.35
0.588163763108454 77 0.35
0.568503352639958 78 0.35
0.555167963143193 79 0.35
0.494038826103766 80 0.35
0.498679142891788 81 0.35
0.528950172706479 82 0.35
0.594594470446825 83 0.35
0.676249913544637 84 0.35
0.722400825912786 85 0.35
0.728139301036332 86 0.35
0.731266456070265 87 0.35
0.710151417126774 88 0.35
0.736391642693385 89 0.35
0.614597105834589 90 0.35
0.568065425421422 91 0.35
0.46617733421287 92 0.35
0.448566344045536 93 0.35
0.45158380679831 94 0.35
0.468012163863325 95 0.35
0.480539507082832 96 0.35
0.541261192290996 97 0.35
0.550631564005721 98 0.35
0.577569628707113 99 0.35
0.643790647071364 100 0.35
0.640368635611789 101 0.35
0.506933602146579 102 0.35
0.441803148865289 103 0.35
0.403113046500201 104 0.35
0.373670570399134 105 0.35
0.474245094612983 106 0.35
0.547972664982696 107 0.35
0.586848184103293 108 0.35
0.639377438118836 109 0.35
0.643850782565402 110 0.35
0.705705160546959 111 0.35
0.734801933609688 112 0.35
0.598859334309689 113 0.35
0.550094651593822 114 0.35
0.613949620757226 115 0.35
0.498063254224927 116 0.35
0.483894665861798 117 0.35
0.501719102112796 118 0.35
0.458525574436579 119 0.35
0.50481370107821 120 0.35
0.623607767302563 121 0.35
0.773363018501951 122 0.35
0.769357669018422 123 0.35
0.722981155769716 124 0.35
0.599303417659994 125 0.35
0.564085469036775 126 0.35
0.610200914311027 127 0.35
0.578707341389843 128 0.35
0.476573722262447 129 0.35
0.573873905826154 130 0.35
0.545494729947347 131 0.35
0.570272389530115 132 0.35
0.568376296973536 133 0.35
0.617535329780705 134 0.35
0.669931461517254 135 0.35
0.639308350114367 136 0.35
0.75231069715116 137 0.35
0.765684638739848 138 0.35
0.745785941382843 139 0.35
0.628129372675503 140 0.35
0.653177455942687 141 0.35
0.68815379187567 142 0.35
0.597547834747487 143 0.35
0.628989219760601 144 0.35
