0.642582947463438 1 0.35
0.736698830388329 2 0.35
0.676367652387128 3 0.35
0.709372653419838 4 0.35
0.679839399487378 5 0.35
0.673405864179303 6 0.35
0.605807077936717 7 0.35
0.714117238710442 8 0.35
0.647120095515794 9 0.35
0.674611607756209 10 0.35
0.74519267076166 11 0.35
0.740249757534209 12 0.35
0.806774020907195 13 0.35
0.734011632241434 14 0.35
0.66435200449038 15 0.35
0.612328935761655 16 0.35
0.568571465103829 17 0.35
0.571607365005838 18 0.35
0.453760316086358 19 0.35
0.4768309511979 20 0.35
0.444966381177637 21 0.35
0.449237193308517 22 0.35
0.487063364029924 23 0.35
0.422525370668475 24 0.35
0.51863550537319 25 0.35
0.537364840369907 26 0.35
0.522772537784342 27 0.35
0.548038981150364 28 0.35
0.570472154325072 29 0.35
0.577471396806206 30 0.35
0.47170836624474 31 0.35
0.390834850735147 32 0.35
0.435065322895929 33 0.35
0.461002680345596 34 0.35
0.5064177295062 35 0.35
0.599896754295176 36 0.35
0.676811907426593 37 0.35
0.692366564809399 38 0.35
0.719288740194902 39 0.35
0.606332515554346 40 0.35
0.699170351460054 41 0.35
0.618627500787841 42 0.35
0.625137039252282 43 0.35
0.657979797028049 44 0.35
0.634051160881534 45 0.35
0.644942716678041 46 0.35
0.600613593105052 47 0.35
0.669147484419049 48 0.35
0.806751362666487 49 0.35
0.762078902136636 50 0.35
0.79043823969978 51 0.35
0.760664979765103 52 0.35
0.698426463115386 53 0.35
0.637953050492124 54 0.35
0.600233006230234 55 0.35
0.633165756440821 56 0.35
0.575720733060071 57 0.35
0.582107391292653 58 0.35
0.553352719768837 59 0.35
0.629724519800996 60 0.35
0.724694248082826 61 0.35
0.782764337377089 62 0.35
0.784096153584712 63 0.35
0.799265598923143 64 0.35
0.794018476654497 65 0.35
0.722555797100259 66 0.35
0.703127235925789 67 0.35
0.725009939503423 68 0.35
0.704191927791966 69 0.35
0.724566075727528 70 0.35
0.745185119501706 71 0.35
0.709714768391187 72 0.35
0.656683361573595 73 0.35
0.697516289954843 74 0.35
0.707339450492286 75 0.35
0.743147189420823 76 0.35
0.687918524774767 77 0.35
0.625956098728701 78 0.35
0.65907158620397 79 0.35
0.631860664694026 80 0.35
0.597900719180235 81 0.35
0.64457583502822 82 0.35
0.693716087819077 83 0.35
0.704778166446303 84 0.35
0.752186283682764 85 0.35
0.759710616168633 86 0.35
0.719348029457085 87 0.35
0.675644730462209 88 0.35
0.774886175862566 89 0.35
0.777570732085019 90 0.35
0.701266511650363 91 0.35
0.605965834270404 92 0.35
0.550506997939563 93 0.35
0.616609977071075 94 0.35
0.591370273990791 95 0.35
0.564849382394527 96 0.35
0.550281086986176 97 0.35
0.591802466577782 98 0.35
0.636003168006762 99 0.35
0.650464546385072 100 0.35
0.5939355500007 101 0.35
0.544533224825648 102 0.35
0.474682682772421 103 0.35
0.484155519027823 104 0.35
0.435870010529148 105 0.35
0.429951909962695 106 0.35
0.431419164150924 107 0.35
0.526774309853217 108 0.35
0.55710932159985 109 0.35
0.677366819651679 110 0.35
0.703183445634439 111 0.35
0.686099621273723 112 0.35
0.616588281202969 113 0.35
0.608130626705489 114 0.35
0.569742593250692 115 0.35
0.591800270505149 116 0.35
0.566051089850634 117 0.35
0.580986167233697 118 0.35
0.612050130054663 119 0.35
0.67864203423891 120 0.35
0.673062358072115 121 0.35
0.72810500421654 122 0.35
0.690291005639784 123 0.35
0.629241606005355 124 0.35
0.574687609650349 125 0.35
0.585464062614791 126 0.35
0.544874408277794 127 0.35
0.582230454113897 128 0.35
0.521831585215321 129 0.35
0.510976407890834 130 0.35
0.628892041482629 131 0.35
0.697145204960638 132 0.35
0.712132197940895 133 0.35
0.744907662824391 134 0.35
0.6406520246709 135 0.35
0.624404899188088 136 0.35
0.687830313095038 137 0.35
0.636773596168879 138 0.35
0.507981997273627 139 0.35
0.481568044431616 140 0.35
0.537438912204214 141 0.35
0.485458477285068 142 0.35
0.519538516788794 143 0.35
0.689917582879165 144 0.35
