0.699690767002582 1 0.35
0.752266210202422 2 0.35
0.78156688044376 3 0.35
0.757447461241064 4 0.35
0.664801491207829 5 0.35
0.624866509782167 6 0.35
0.560527519029792 7 0.35
0.570392243069074 8 0.35
0.495171432441003 9 0.35
0.477194866170443 10 0.35
0.559499451880181 11 0.35
0.507484671051248 12 0.35
0.589834788037781 13 0.35
0.638411198400711 14 0.35
0.610793716671141 15 0.35
0.621218357414241 16 0.35
0.676416214611346 17 0.35
0.624276537152144 18 0.35
0.541705129996708 19 0.35
0.501476013739123 20 0.35
0.540671687681907 21 0.35
0.594885942756035 22 0.35
0.546645396818049 23 0.35
0.587339114811974 24 0.35
0.677219363996169 25 0.35
0.783469423178093 26 0.35
0.774301250334929 27 0.35
0.726628410426486 28 0.35
0.758608472000326 29 0.35
0.603253490648579 30 0.35
0.562822338560927 31 0.35
0.547743052686478 32 0.35
0.519504853446685 33 0.35
0.480921972664073 34 0.35
0.546295429073509 35 0.35
0.58498270898043 36 0.35
0.656927281125066 37 0.35
0.698906969625934 38 0.35
0.604290731257271 39 0.35
0.67172295709991 40 0.35
0.576102570169011 41 0.35
0.474725629540333 42 0.35
0.448704194181773 43 0.35
0.432189648259678 44 0.35
0.402280229699306 45 0.35
0.377327530929367 46 0.35
0.433172081068972 47 0.35
0.445040425786342 48 0.35
0.477644706462796 49 0.35
0.475643333889603 50 0.35
0.496449374949249 51 0.35
0.551357955981533 52 0.35
0.504413715070615 53 0.35
0.389547009897314 54 0.35
0.32753907627346 55 0.35
0.35294867772832 56 0.35
0.377910906753623 57 0.35
0.40363096051513 58 0.35
0.452735478748911 59 0.35
0.507121855867913 60 0.35
0.476971174157656 61 0.35
0.522227537310368 62 0.35
0.563387230694778 63 0.35
0.462867623780694 64 0.35
0.448817460743702 65 0.35
0.476072498704784 66 0.35
0.406519022164612 67 0.35
0.397888953494779 68 0.35
0.353421963339053 69 0.35
0.375686342801055 70 0.35
0.51202624613358 71 0.35
0.542464972722715 72 0.35
0.661221567410268 73 0.35
0.707087288239843 74 0.35
0.782333895533301 75 0.35
0.798397436080075 76 0.35
0.807192020101476 77 0.35
0.665616767619935 78 0.35
0.651734328668211 79 0.35
0.619433533928247 80 0.35
0.66777242199598 81 0.35
0.635956823775352 82 0.35
0.661866024385079 83 0.35
0.705284448927582 84 0.35
0.719584628030428 85 0.35
0.725140849052679 86 0.35
0.713543940925028 87 0.35
0.693428395000916 88 0.35
0.727251312902521 89 0.35
0.675716382234418 90 0.35
0.632861441041109 91 0.35
0.448779691169634 92 0.35
0.407044516366793 93 0.35
0.411868654212212 94 0.35
0.45278127548037 95 0.35
0.534316381876618 96 0.35
0.57003218223519 97 0.35
0.581648057352388 98 0.35
0.587555586263213 99 0.35
0.596019538261679 100 0.35
0.6065746034438 101 0.35
0.674886969995415 102 0.35
0.631220169105135 103 0.35
0.535969621093576 104 0.35
0.477702189782474 105 0.35
0.549320867163623 106 0.35
0.575337728579003 107 0.35
0.569627402227423 108 0.35
0.572510289859948 109 0.35
0.595769419216699 110 0.35
0.594997575432893 111 0.35
0.571806961137569 112 0.35
0.566291145993679 113 0.35
0.402811194778354 114 0.35
0.390462570198105 115 0.35
0.519806046894896 116 0.35
0.44658970162121 117 0.35
0.43235564075025 118 0.35
0.409698398722592 119 0.35
0.462242534905474 120 0.35
0.462361488647068 121 0.35
0.525303570041502 122 0.35
0.567674282771801 123 0.35
0.551129036192029 124 0.35
0.516176514881432 125 0.35
0.529836563807268 126 0.35
0.576087868090099 127 0.35
0.561302431771584 128 0.35
0.674047321509236 129 0.35
0.647756020541685 130 0.35
0.611630238202946 131 0.35
0.651641399497313 132 0.35
0.635586212916113 133 0.35
0.722221379406769 134 0.35
0.707306512399789 135 0.35
0.681626854114859 136 0.35
0.656193428028867 137 0.35
0.649719932377249 138 0.35
0.610168664893007 139 0.35
0.540995836643241 140 0.35
0.564654272739469 141 0.35
0.50474988169631 142 0.35
0.510796329256722 143 0.35
0.481465347543024 144 0.35
