0.73162313569581 1 0.35
0.771716574990064 2 0.35
0.733835832708146 3 0.35
0.642826373868042 4 0.35
0.657873084122136 5 0.35
0.640135802647505 6 0.35
0.468382990114409 7 0.35
0.527671707178769 8 0.35
0.506380412867239 9 0.35
0.560125900653007 10 0.35
0.607601059909517 11 0.35
0.608200025663202 12 0.35
0.639281368978122 13 0.35
0.673867700784881 14 0.35
0.675788274631985 15 0.35
0.665296774267329 16 0.35
0.672953358993606 17 0.35
0.553998358904868 18 0.35
0.463638339435309 19 0.35
0.485764529055487 20 0.35
0.459336159599033 21 0.35
0.535094129390534 22 0.35
0.542401805530733 23 0.35
0.598691199344944 24 0.35
0.692733118762108 25 0.35
0.71959796288921 26 0.35
0.600235450614017 27 0.35
0.667209273501723 28 0.35
0.652168788588637 29 0.35
0.720932859760472 30 0.35
0.577072836729968 31 0.35
0.577369045374466 32 0.35
0.561454803613989 33 0.35
0.598942746132913 34 0.35
0.599430181048102 35 0.35
0.597941875953751 36 0.35
0.674082813350673 37 0.35
0.65068680247752 38 0.35
0.663953698854865 39 0.35
0.576005941455608 40 0.35
0.609084543066595 41 0.35
0.511554590279361 42 0.35
0.487378882147036 43 0.35
0.48713546323224 44 0.35
0.473510212442086 45 0.35
0.484637820767575 46 0.35
0.653958444121486 47 0.35
0.680331434357525 48 0.35
0.623937224633018 49 0.35
0.632895509296552 50 0.35
0.482519546879975 51 0.35
0.420227265767079 52 0.35
0.347282610755619 53 0.35
0.334443190216602 54 0.35
0.341896208568566 55 0.35
0.314248815305335 56 0.35
0.300941068638286 57 0.35
0.312261438360052 58 0.35
0.44090665890823 59 0.35
0.4030132112012 60 0.35
0.532001334296981 61 0.35
0.505832710763324 62 0.35
0.65080345821284 63 0.35
0.662734148985026 64 0.35
0.630207070070675 65 0.35
0.624987604705675 66 0.35
0.488540971903491 67 0.35
0.41993770638582 68 0.35
0.340666365049209 69 0.35
0.347549442152864 70 0.35
0.347226031858998 71 0.35
0.399487346359911 72 0.35
0.484070396924765 73 0.35
0.51546608713591 74 0.35
0.597034802008667 75 0.35
0.563268861260703 76 0.35
0.535984268465284 77 0.35
0.497650545294373 78 0.35
0.491581207933531 79 0.35
0.464585932046277 80 0.35
0.505168566583375 81 0.35
0.527309032340536 82 0.35
0.615155988851586 83 0.35
0.719810379759935 84 0.35
0.794326588071315 85 0.35
0.709805770864778 86 0.35
0.692421818330754 87 0.35
0.689347387762807 88 0.35
0.710521097138679 89 0.35
0.681969377079765 90 0.35
0.597409591495137 91 0.35
0.603262068331086 92 0.35
0.508030739524417 93 0.35
0.613652025939287 94 0.35
0.694439378741297 95 0.35
0.771524169376635 96 0.35
0.806734431748495 97 0.35
0.718154970920144 98 0.35
0.715950981255165 99 0.35
0.677651020286904 100 0.35
0.686183518773259 101 0.35
0.692988346379932 102 0.35
0.629962494217941 103 0.35
0.660256203541363 104 0.35
0.607127873400997 105 0.35
0.661218906805876 106 0.35
0.745312097847737 107 0.35
0.771613707519922 108 0.35
0.716706442755155 109 0.35
0.763416601443756 110 0.35
0.792657755159385 111 0.35
0.787800479444015 112 0.35
0.736328741111052 113 0.35
0.703323759636881 114 0.35
0.730654156294901 115 0.35
0.724982039696341 116 0.35
0.602720764075248 117 0.35
0.612411901104366 118 0.35
0.625153356540342 119 0.35
0.695738859883476 120 0.35
0.776840876788626 121 0.35
0.782635137135064 122 0.35
0.687916089482406 123 0.35
0.64480911957335 124 0.35
0.591604978048642 125 0.35
0.555616911202846 126 0.35
0.558035134020282 127 0.35
0.495724526271892 128 0.35
0.605170971609018 129 0.35
0.659804989179436 130 0.35
0.707496767756256 131 0.35
0.734288101294719 132 0.35
0.785169877728601 133 0.35
0.768973954611713 134 0.35
0.746465218320722 135 0.35
0.686369329024153 136 0.35
0.650634870009056 137 0.35
0.622725875768412 138 0.35
0.586714645200744 139 0.35
0.496012558680775 140 0.35
0.496254905806976 141 0.35
0.531066582089656 142 0.35
0.554459084942913 143 0.35
0.635654270254766 144 0.35
