0.581064780477513 1 0.35
0.513549363679717 2 0.35
0.595674537971119 3 0.35
0.638371175507097 4 0.35
0.579409293045687 5 0.35
0.565404857678093 6 0.35
0.52813168514235 7 0.35
0.433660263484589 8 0.35
0.445561889555722 9 0.35
0.520305554802147 10 0.35
0.44287596223303 11 0.35
0.520704081970351 12 0.35
0.60456525350496 13 0.35
0.64187664930188 14 0.35
0.723968812467736 15 0.35
0.643934819581744 16 0.35
0.685881783023819 17 0.35
0.677273374954077 18 0.35
0.651341074530454 19 0.35
0.636699694315429 20 0.35
0.634853257684771 21 0.35
0.553076397071888 22 0.35
0.545166310281865 23 0.35
0.617871730028389 24 0.35
0.693048113967671 25 0.35
0.784483474022102 26 0.35
0.778507389599761 27 0.35
0.709005032428379 28 0.35
0.662667753879212 29 0.35
0.591325052365702 30 0.35
0.47424181745375 31 0.35
0.36399886488088 32 0.35
0.416072351449117 33 0.35
0.462665680417116 34 0.35
0.536585804650054 35 0.35
0.582553898547113 36 0.35
0.645131360228249 37 0.35
0.636266985827945 38 0.35
0.741590788482797 39 0.35
0.678199374235267 40 0.35
0.664990484450172 41 0.35
0.588306888195889 42 0.35
0.473276133891136 43 0.35
0.468358797652521 44 0.35
0.450973644002898 45 0.35
0.405060770132702 46 0.35
0.399365108725264 47 0.35
0.451527204076103 48 0.35
0.489249620171465 49 0.35
0.532961424903377 50 0.35
0.560217361650262 51 0.35
0.60603333984469 52 0.35
0.536485329551498 53 0.35
0.447714810673456 54 0.35
0.382476624063936 55 0.35
0.296884781757325 56 0.35
0.328901757950781 57 0.35
0.360598038469806 58 0.35
0.367938546600994 59 0.35
0.457470211760237 60 0.35
0.539799122620584 61 0.35
0.581792304913161 62 0.35
0.587349267204286 63 0.35
0.576721108157693 64 0.35
0.577693486125072 65 0.35
0.489965250170992 66 0.35
0.472934495462677 67 0.35
0.423634301792679 68 0.35
0.541900720069369 69 0.35
0.496376256428801 70 0.35
0.545083928571134 71 0.35
0.577404071615399 72 0.35
0.564840952016057 73 0.35
0.633169806715601 74 0.35
0.714759851622915 75 0.35
0.735081355254986 76 0.35
0.791109933212709 77 0.35
0.757711485749602 78 0.35
0.745807908721627 79 0.35
0.663815109194974 80 0.35
0.66326409091639 81 0.35
0.679842408851022 82 0.35
0.745258741633909 83 0.35
0.771588114737432 84 0.35
0.767382944902748 85 0.35
0.769732048765814 86 0.35
0.759255845921609 87 0.35
0.692580407263905 88 0.35
0.726630845495348 89 0.35
0.552959892222637 90 0.35
0.527700943658651 91 0.35
0.451049246972082 92 0.35
0.475023165056032 93 0.35
0.565512880351948 94 0.35
0.621193344081747 95 0.35
0.77160862006758 96 0.35
0.718778632415848 97 0.35
0.691593247618661 98 0.35
0.677554450643942 99 0.35
0.668536483727751 100 0.35
0.586481345351481 101 0.35
0.712376943223325 102 0.35
0.620488391044039 103 0.35
0.528797276627803 104 0.35
0.562365773836178 105 0.35
0.548606308176728 106 0.35
0.602348560406339 107 0.35
0.548796979351206 108 0.35
0.663530270475903 109 0.35
0.706376062195113 110 0.35
0.750272318782559 111 0.35
0.822352281165158 112 0.35
0.665526602135531 113 0.35
0.59373860501164 114 0.35
0.56557583445516 115 0.35
0.705686031846702 116 0.35
0.716925805228455 117 0.35
0.69777404434964 118 0.35
0.688316255238458 119 0.35
0.751201352286377 120 0.35
0.806582323120565 121 0.35
0.822119793811227 122 0.35
0.747880588666439 123 0.35
0.72300551598232 124 0.35
0.741102734538048 125 0.35
0.698516413805441 126 0.35
0.708021184488936 127 0.35
0.580956267885817 128 0.35
0.716843314600406 129 0.35
0.724589744028151 130 0.35
0.745238584389503 131 0.35
0.730461884348968 132 0.35
0.727306551624616 133 0.35
0.717062703422668 134 0.35
0.693065578704643 135 0.35
0.690345299692462 136 0.35
0.719814730203573 137 0.35
0.676964519002358 138 0.35
0.634704510269014 139 0.35
0.580836172522561 140 0.35
0.609529533677103 141 0.35
0.693290463596434 142 0.35
0.66981456673911 143 0.35
0.628250106450514 144 0.35
