0.789494188457364 1 0.35
0.666090829118786 2 0.35
0.676342637075414 3 0.35
0.67710633646948 4 0.35
0.640895841274002 5 0.35
0.606010307802315 6 0.35
0.576424322923012 7 0.35
0.471599814053756 8 0.35
0.461165516258209 9 0.35
0.454435884876099 10 0.35
0.40729188033278 11 0.35
0.513812984236726 12 0.35
0.619898182061058 13 0.35
0.59647273486088 14 0.35
0.576312246281072 15 0.35
0.462090817049907 16 0.35
0.428754477743513 17 0.35
0.405585133737858 18 0.35
0.318370003805999 19 0.35
0.424672743415138 20 0.35
0.452682772153052 21 0.35
0.41799504249489 22 0.35
0.444889445833287 23 0.35
0.554304757415417 24 0.35
0.611458599801796 25 0.35
0.66409448235088 26 0.35
0.591004212135022 27 0.35
0.559902383785911 28 0.35
0.670757938112732 29 0.35
0.623279609748579 30 0.35
0.527969357386484 31 0.35
0.468343126960029 32 0.35
0.539429206124313 33 0.35
0.587513443414889 34 0.35
0.578430217943061 35 0.35
0.567916125391222 36 0.35
0.642256002890738 37 0.35
0.708310022549101 38 0.35
0.709335999268286 39 0.35
0.75359541027408 40 0.35
0.673768635041204 41 0.35
0.532336931100466 42 0.35
0.497237361700663 43 0.35
0.424944169358994 44 0.35
0.409150415627034 45 0.35
0.500631673156964 46 0.35
0.51448057810026 47 0.35
0.528738987000194 48 0.35
0.627014977018443 49 0.35
0.672736717838728 50 0.35
0.704346341318461 51 0.35
0.613136448784797 52 0.35
0.601658443601659 53 0.35
0.524774895637701 54 0.35
0.574173960513315 55 0.35
0.531894211774777 56 0.35
0.54779743061693 57 0.35
0.542056956535846 58 0.35
0.601813691086551 59 0.35
0.699610118609814 60 0.35
0.719319412844343 61 0.35
0.689835459835817 62 0.35
0.634421286129435 63 0.35
0.669092707658829 64 0.35
0.697837600889874 65 0.35
0.644240629050482 66 0.35
0.548664119730934 67 0.35
0.582171481658565 68 0.35
0.622853478946116 69 0.35
0.65452147309256 70 0.35
0.685984917382109 71 0.35
0.699438775234067 72 0.35
0.730600664396807 73 0.35
0.727932464464374 74 0.35
0.781810555304126 75 0.35
0.736210909455244 76 0.35
0.713677204335414 77 0.35
0.72651308053906 78 0.35
0.64773374969602 79 0.35
0.575544378141541 80 0.35
0.527891034224304 81 0.35
0.564657229454772 82 0.35
0.570027412151978 83 0.35
0.614766046053953 84 0.35
0.617470535037796 85 0.35
0.70041727565458 86 0.35
0.686725385834518 87 0.35
0.672683061541988 88 0.35
0.595885007323372 89 0.35
0.557476993610038 90 0.35
0.550247798030311 91 0.35
0.680691105552443 92 0.35
0.632745134311431 93 0.35
0.689263253126335 94 0.35
0.745326965107051 95 0.35
0.771607770404954 96 0.35
0.642216864856984 97 0.35
0.693265519127396 98 0.35
0.671901296552642 99 0.35
0.642760519809689 100 0.35
0.59992715401309 101 0.35
0.526903288199346 102 0.35
0.52080872974985 103 0.35
0.512668599996037 104 0.35
0.601184146847901 105 0.35
0.634964719853061 106 0.35
0.62946561350735 107 0.35
0.69060931174167 108 0.35
0.621979551932168 109 0.35
0.642300563106835 110 0.35
0.660682690425083 111 0.35
0.712181904764765 112 0.35
0.73768786314823 113 0.35
0.661863729275353 114 0.35
0.518229529520374 115 0.35
0.506816547212437 116 0.35
0.586226106708944 117 0.35
0.575377767600862 118 0.35
0.598868692671437 119 0.35
0.613277206455429 120 0.35
0.659639316249522 121 0.35
0.671851851995771 122 0.35
0.685359305719719 123 0.35
0.708240698580091 124 0.35
0.710169072111457 125 0.35
0.705963463828037 126 0.35
0.614702603932786 127 0.35
0.593046150630241 128 0.35
0.622533632989429 129 0.35
0.603107052382779 130 0.35
0.650556722173321 131 0.35
0.693170227977702 132 0.35
0.656607840798963 133 0.35
0.756688869493052 134 0.35
0.74024211176144 135 0.35
0.646406078734672 136 0.35
0.610033801404329 137 0.35
0.599081058200312 138 0.35
0.533133948137249 139 0.35
0.604524668000037 140 0.35
0.539548644374926 141 0.35
0.530241340494235 142 0.35
0.545771469180862 143 0.35
0.493075153079575 144 0.35
