0.727969887280014 1 0.35
0.626288137591716 2 0.35
0.635186232304639 3 0.35
0.661348480260144 4 0.35
0.627665307196166 5 0.35
0.709512747805472 6 0.35
0.733627631062279 7 0.35
0.672590672930811 8 0.35
0.635347870269838 9 0.35
0.624742295455814 10 0.35
0.708575181870728 11 0.35
0.65717700652238 12 0.35
0.695235652650093 13 0.35
0.777511286605792 14 0.35
0.620826137871533 15 0.35
0.669899742437976 16 0.35
0.667244932979991 17 0.35
0.68640712965212 18 0.35
0.65825230534767 19 0.35
0.580216182252231 20 0.35
0.595565573458082 21 0.35
0.64994593504847 22 0.35
0.620289224987015 23 0.35
0.670679197118454 24 0.35
0.701760771660301 25 0.35
0.732546047163997 26 0.35
0.7431711140773 27 0.35
0.775151210287589 28 0.35
0.752953500302629 29 0.35
0.668013616672522 30 0.35
0.554917024371164 31 0.35
0.508039886872164 32 0.35
0.529263740041769 33 0.35
0.446227563810083 34 0.35
0.503524846095078 35 0.35
0.651741463279335 36 0.35
0.697872447351116 37 0.35
0.695660624483327 38 0.35
0.6352001851753 39 0.35
0.564521906418775 40 0.35
0.480919456303016 41 0.35
0.492727105393224 42 0.35
0.487113864492922 43 0.35
0.485675284239622 44 0.35
0.470725751125811 45 0.35
0.393353279301852 46 0.35
0.43071304303849 47 0.35
0.436456284331587 48 0.35
0.455477779404466 49 0.35
0.471985984012504 50 0.35
0.501789493025195 51 0.35
0.52284168397161 52 0.35
0.569002216080278 53 0.35
0.566513011778075 54 0.35
0.546270669811351 55 0.35
0.576859189838329 56 0.35
0.537786317177392 57 0.35
0.591616410105746 58 0.35
0.669864150331757 59 0.35
0.700919876609301 60 0.35
0.701959513957505 61 0.35
0.714677735390038 62 0.35
0.690105206772382 63 0.35
0.726741141959608 64 0.35
0.605601544536076 65 0.35
0.590407857168344 66 0.35
0.622951777404591 67 0.35
0.550774457607459 68 0.35
0.561687070757292 69 0.35
0.623596442918358 70 0.35
0.683192063763077 71 0.35
0.705592169517658 72 0.35
0.586994941723207 73 0.35
0.569256044876231 74 0.35
0.682954745573983 75 0.35
0.720963573763718 76 0.35
0.69304425633258 77 0.35
0.628911509789698 78 0.35
0.440832068976978 79 0.35
0.407123545488021 80 0.35
0.46151727392147 81 0.35
0.458866726358845 82 0.35
0.508115138097193 83 0.35
0.541751879076739 84 0.35
0.555033494331953 85 0.35
0.638614246978218 86 0.35
0.613846998877906 87 0.35
0.600603187570869 88 0.35
0.696163279406444 89 0.35
0.654923308114629 90 0.35
0.58931783203897 91 0.35
0.515507768155509 92 0.35
0.517680391965596 93 0.35
0.478374649562204 94 0.35
0.527041736030958 95 0.35
0.531663853320158 96 0.35
0.579627042052453 97 0.35
0.687732128450854 98 0.35
0.744450730762971 99 0.35
0.679117411188618 100 0.35
0.566120990344909 101 0.35
0.453621290196425 102 0.35
0.376552129586157 103 0.35
0.406918838357198 104 0.35
0.346262761588367 105 0.35
0.398194774026175 106 0.35
0.425054968627533 107 0.35
0.457023043887548 108 0.35
0.623281164813114 109 0.35
0.685772300821763 110 0.35
0.682163125307051 111 0.35
0.686151945360363 112 0.35
0.665862481042007 113 0.35
0.593764047121823 114 0.35
0.479161020201753 115 0.35
0.424589257231478 116 0.35
0.444999634349459 117 0.35
0.418727329546512 118 0.35
0.541574283203622 119 0.35
0.574062952485891 120 0.35
0.689542883599683 121 0.35
0.748898949805555 122 0.35
0.69275812477684 123 0.35
0.749211867690345 124 0.35
0.773404470041366 125 0.35
0.765751805638154 126 0.35
0.739752511258009 127 0.35
0.603436060026028 128 0.35
0.544647029853795 129 0.35
0.575791725905847 130 0.35
0.65610067174232 131 0.35
0.719810265828059 132 0.35
0.741888498620815 133 0.35
0.774986942754001 134 0.35
0.658778706634687 135 0.35
0.639614345406998 136 0.35
0.657656630786331 137 0.35
0.605291854991042 138 0.35
0.526869985800914 139 0.35
0.481104187417042 140 0.35
0.530594826784023 141 0.35
0.575099148077425 142 0.35
0.584401258862159 143 0.35
0.653537168914422 144 0.35
