0.592979773935496 1 0.35
0.577294717750784 2 0.35
0.626573266185038 3 0.35
0.659260939816809 4 0.35
0.687289606292955 5 0.35
0.638837933945404 6 0.35
0.598076789488462 7 0.35
0.450083808888236 8 0.35
0.374219547979556 9 0.35
0.5062529120343 10 0.35
0.551016701367104 11 0.35
0.59257792928127 12 0.35
0.662613540759105 13 0.35
0.717413045974343 14 0.35
0.752786758372816 15 0.35
0.681712678626705 16 0.35
0.667496530428964 17 0.35
0.448624233439707 18 0.35
0.401765897411189 19 0.35
0.366183184381924 20 0.35
0.443935733599982 21 0.35
0.498509276048079 22 0.35
0.575032196627519 23 0.35
0.551454901848075 24 0.35
0.613755065794432 25 0.35
0.673000880145842 26 0.35
0.711188187341334 27 0.35
0.716099433230397 28 0.35
0.595267171002466 29 0.35
0.474441041771659 30 0.35
0.470396166089311 31 0.35
0.528025252568456 32 0.35
0.408509032647898 33 0.35
0.467116548458193 34 0.35
0.562570711104201 35 0.35
0.577507489184308 36 0.35
0.682962479910108 37 0.35
0.716890895714133 38 0.35
0.67193753047643 39 0.35
0.641728108644568 40 0.35
0.609775791211566 41 0.35
0.556891414840898 42 0.35
0.420200958379083 43 0.35
0.409902929796015 44 0.35
0.32104799070913 45 0.35
0.349398073091332 46 0.35
0.395616709271352 47 0.35
0.46333397062872 48 0.35
0.538192177236935 49 0.35
0.502262150451016 50 0.35
0.523946825875143 51 0.35
0.545590666889548 52 0.35
0.507319087925523 53 0.35
0.530584305274836 54 0.35
0.522088716179628 55 0.35
0.474919455632784 56 0.35
0.493534296805854 57 0.35
0.515360304205035 58 0.35
0.505437738594427 59 0.35
0.53570774728088 60 0.35
0.620872088088341 61 0.35
0.625984544603454 62 0.35
0.651335331862205 63 0.35
0.679290345460011 64 0.35
0.677817493889964 65 0.35
0.723824801878645 66 0.35
0.625468349844319 67 0.35
0.655373173497521 68 0.35
0.601424629884415 69 0.35
0.662661820214456 70 0.35
0.675246956710258 71 0.35
0.637416004647308 72 0.35
0.731762225768382 73 0.35
0.760987672997401 74 0.35
0.701548283319198 75 0.35
0.721184491995674 76 0.35
0.661334230124295 77 0.35
0.586708283323232 78 0.35
0.471219792096603 79 0.35
0.496347333490039 80 0.35
0.528813767705853 81 0.35
0.47510754845459 82 0.35
0.545692466001901 83 0.35
0.524110263950346 84 0.35
0.562764390635891 85 0.35
0.592035699611459 86 0.35
0.57685998632474 87 0.35
0.579399762639261 88 0.35
0.564912282191151 89 0.35
0.517879919926691 90 0.35
0.435832749809514 91 0.35
0.438066214076953 92 0.35
0.436911115351638 93 0.35
0.447864204502266 94 0.35
0.591139643291436 95 0.35
0.666936437184522 96 0.35
0.717585747186888 97 0.35
0.639767159162089 98 0.35
0.651266388535419 99 0.35
0.655143098035216 100 0.35
0.68216901925602 101 0.35
0.614384164034796 102 0.35
0.645537580969052 103 0.35
0.520806962163773 104 0.35
0.63233089902078 105 0.35
0.561338316608388 106 0.35
0.630561940577034 107 0.35
0.668113462733126 108 0.35
0.762770339076203 109 0.35
0.776402629438406 110 0.35
0.775640304982399 111 0.35
0.758817204144719 112 0.35
0.720461842161788 113 0.35
0.661555181654733 114 0.35
0.603850143984526 115 0.35
0.534964220098743 116 0.35
0.510254389099573 117 0.35
0.642635733042067 118 0.35
0.661777721965529 119 0.35
0.730932809873076 120 0.35
0.769543928661742 121 0.35
0.822053521861816 122 0.35
0.735235660748459 123 0.35
0.728516824102261 124 0.35
0.751392677298905 125 0.35
0.652568167022528 126 0.35
0.406986340200473 127 0.35
0.377496533382584 128 0.35
0.541819000867275 129 0.35
0.576815157517699 130 0.35
0.587910456626111 131 0.35
0.611288917120944 132 0.35
0.603892447411866 133 0.35
0.634059319993582 134 0.35
0.653189355722883 135 0.35
0.615829007985878 136 0.35
0.633218721879159 137 0.35
0.517161826574244 138 0.35
0.539942279477198 139 0.35
0.440809725424689 140 0.35
0.429594865453723 141 0.35
0.489743014763131 142 0.35
0.53442129829824 143 0.35
0.586898175071887 144 0.35
