0.331728678561778 1 0.35
0.383483150589069 2 0.35
0.399440462536352 3 0.35
0.358673868721639 4 0.35
0.333221444369039 5 0.35
0.236917514790589 6 0.35
0.198559727245838 7 0.35
0.187340780053772 8 0.35
0.150879953282836 9 0.35
0.155126212095059 10 0.35
0.163408553536561 11 0.35
0.264079343690078 12 0.35
0.308930569106277 13 0.35
0.47339154665906 14 0.35
0.540695159571358 15 0.35
0.563950343107032 16 0.35
0.515272506631792 17 0.35
0.491054511169383 18 0.35
0.40784070845505 19 0.35
0.323720022170752 20 0.35
0.411127753807162 21 0.35
0.448531237369285 22 0.35
0.492539530419285 23 0.35
0.620637836814558 24 0.35
0.664245956883011 25 0.35
0.709019656597571 26 0.35
0.698584437471031 27 0.35
0.658528251761289 28 0.35
0.598044841849671 29 0.35
0.585136299108692 30 0.35
0.61469844987297 31 0.35
0.648784680033492 32 0.35
0.626789393246574 33 0.35
0.682604372468363 34 0.35
0.677782893579166 35 0.35
0.703542053752848 36 0.35
0.754049158394613 37 0.35
0.765941616819935 38 0.35
0.717820300270298 39 0.35
0.649001108626872 40 0.35
0.685502622616122 41 0.35
0.667690722355276 42 0.35
0.569886933381559 43 0.35
0.566614285336698 44 0.35
0.544059980078995 45 0.35
0.485022096368002 46 0.35
0.569662978057809 47 0.35
0.543632927069905 48 0.35
0.618482150906573 49 0.35
0.599985469080215 50 0.35
0.587666210575934 51 0.35
0.579764635960529 52 0.35
0.466201042045373 53 0.35
0.515775565077611 54 0.35
0.516562128880014 55 0.35
0.475198234931788 56 0.35
0.462598543882936 57 0.35
0.418308726122371 58 0.35
0.435516891275333 59 0.35
0.478315457716266 60 0.35
0.538471196032 61 0.35
0.612281397525188 62 0.35
0.659323205259028 63 0.35
0.703296689281263 64 0.35
0.632087012784369 65 0.35
0.564490714128464 66 0.35
0.508652270721771 67 0.35
0.41028816608586 68 0.35
0.443626710650187 69 0.35
0.511237951398903 70 0.35
0.640726624422444 71 0.35
0.637472602693893 72 0.35
0.514810388308753 73 0.35
0.563882831281973 74 0.35
0.550638441640195 75 0.35
0.55514281589208 76 0.35
0.51473895967527 77 0.35
0.483721772252317 78 0.35
0.445626627311392 79 0.35
0.397596435622635 80 0.35
0.351476322819024 81 0.35
0.460736790490767 82 0.35
0.542908164882492 83 0.35
0.545765540089217 84 0.35
0.618065556549649 85 0.35
0.608397102183267 86 0.35
0.5988489237769 87 0.35
0.591200316305312 88 0.35
0.577802607574342 89 0.35
0.555206895282719 90 0.35
0.504945000235241 91 0.35
0.345418266142271 92 0.35
0.374014260249259 93 0.35
0.467335774262095 94 0.35
0.501906745178731 95 0.35
0.636344261407339 96 0.35
0.659448687421304 97 0.35
0.633943391297168 98 0.35
0.569708167321793 99 0.35
0.61064373242689 100 0.35
0.561911331605947 101 0.35
0.514843435197651 102 0.35
0.620348304235042 103 0.35
0.579263770478253 104 0.35
0.613411922367933 105 0.35
0.625315788104644 106 0.35
0.700400361293882 107 0.35
0.706408133342314 108 0.35
0.645980915007748 109 0.35
0.670248158799465 110 0.35
0.750174058470966 111 0.35
0.777205226932799 112 0.35
0.73564595803887 113 0.35
0.744452118586318 114 0.35
0.629218882484748 115 0.35
0.638390007026845 116 0.35
0.603240840399634 117 0.35
0.643089216360648 118 0.35
0.686127147530981 119 0.35
0.71049766347304 120 0.35
0.692617335482583 121 0.35
0.741391499584414 122 0.35
0.718221847316873 123 0.35
0.666920651179819 124 0.35
0.610121735617619 125 0.35
0.57796192858012 126 0.35
0.509146986453998 127 0.35
0.485387339238446 128 0.35
0.513732013272052 129 0.35
0.517174092220729 130 0.35
0.558036742007096 131 0.35
0.581208018918207 132 0.35
0.626761090639847 133 0.35
0.686158959138752 134 0.35
0.674896709935584 135 0.35
0.645385884375932 136 0.35
0.649813749187532 137 0.35
0.579760139404246 138 0.35
0.500707465710355 139 0.35
0.559557399556473 140 0.35
0.50182963512659 141 0.35
0.605814304169746 142 0.35
0.64428585580982 143 0.35
0.599785514144369 144 0.35
