0.719136518087771 1 0.35
0.670803058143473 2 0.35
0.704102365548775 3 0.35
0.674764263006292 4 0.35
0.653372220120869 5 0.35
0.707924302877647 6 0.35
0.703545812588632 7 0.35
0.72498504489881 8 0.35
0.716863161059261 9 0.35
0.724595687041524 10 0.35
0.729698392631977 11 0.35
0.7407064165223 12 0.35
0.767486440983754 13 0.35
0.804757942541972 14 0.35
0.81870078257022 15 0.35
0.822314654349725 16 0.35
0.807167674073872 17 0.35
0.656582548152471 18 0.35
0.570458353329783 19 0.35
0.568890559219616 20 0.35
0.598785912143507 21 0.35
0.669521856158806 22 0.35
0.631942097121403 23 0.35
0.640096859112286 24 0.35
0.715864204643335 25 0.35
0.662283881144231 26 0.35
0.704441628762484 27 0.35
0.69291902293162 28 0.35
0.700479125638062 29 0.35
0.75427299929515 30 0.35
0.705315382712193 31 0.35
0.627253537427659 32 0.35
0.602679638065304 33 0.35
0.608767049277967 34 0.35
0.706462443515602 35 0.35
0.73322601890976 36 0.35
0.760871562559318 37 0.35
0.794700575435871 38 0.35
0.791619075173732 39 0.35
0.789540255594135 40 0.35
0.777556911045243 41 0.35
0.784297517824686 42 0.35
0.678339362619037 43 0.35
0.669280455396707 44 0.35
0.641998816233973 45 0.35
0.664449191072512 46 0.35
0.660534165250794 47 0.35
0.6225149116487 48 0.35
0.754681472309282 49 0.35
0.702729829449741 50 0.35
0.637546733975976 51 0.35
0.654733837966089 52 0.35
0.554207384674865 53 0.35
0.409216106075661 54 0.35
0.308135906110337 55 0.35
0.298289116338212 56 0.35
0.256708734010824 57 0.35
0.304371916093275 58 0.35
0.33925079675044 59 0.35
0.394554133321881 60 0.35
0.44936192117447 61 0.35
0.460910577697463 62 0.35
0.515554015825388 63 0.35
0.504202899825126 64 0.35
0.475747496044864 65 0.35
0.433056579621465 66 0.35
0.377618409478268 67 0.35
0.348768898653778 68 0.35
0.393005674607559 69 0.35
0.428343430338949 70 0.35
0.507779508529015 71 0.35
0.636698043636274 72 0.35
0.730121776346541 73 0.35
0.780414321907738 74 0.35
0.755141674381995 75 0.35
0.735742958465155 76 0.35
0.618258064560147 77 0.35
0.635310742766515 78 0.35
0.682386780152198 79 0.35
0.678165837619584 80 0.35
0.593987279953948 81 0.35
0.541584455281207 82 0.35
0.589624715259079 83 0.35
0.63589396029548 84 0.35
0.651220778960995 85 0.35
0.605773249822415 86 0.35
0.613937048739506 87 0.35
0.589642835379906 88 0.35
0.48017404053096 89 0.35
0.419714928764567 90 0.35
0.433498479764759 91 0.35
0.368617442717971 92 0.35
0.3736348607071 93 0.35
0.513276733487702 94 0.35
0.549202522353654 95 0.35
0.663492715387866 96 0.35
0.711674544916993 97 0.35
0.706524873514068 98 0.35
0.701674909324531 99 0.35
0.617165866539018 100 0.35
0.56867024542557 101 0.35
0.513519198434355 102 0.35
0.472727882968751 103 0.35
0.455171595569126 104 0.35
0.365055141001535 105 0.35
0.333871303965863 106 0.35
0.371039621704895 107 0.35
0.426818718197343 108 0.35
0.472369195210102 109 0.35
0.542631720871831 110 0.35
0.6054970875034 111 0.35
0.68743943721148 112 0.35
0.605183436754698 113 0.35
0.590057641224973 114 0.35
0.438094814070599 115 0.35
0.425691749910395 116 0.35
0.429920578421661 117 0.35
0.46344313239715 118 0.35
0.672438706156584 119 0.35
0.682782280551882 120 0.35
0.735343214512987 121 0.35
0.763398708133951 122 0.35
0.732061362061959 123 0.35
0.715809884975286 124 0.35
0.697294496446594 125 0.35
0.616907146626882 126 0.35
0.628879371763567 127 0.35
0.554316982566608 128 0.35
0.499424405640518 129 0.35
0.540811066220147 130 0.35
0.660757099729846 131 0.35
0.70509430680326 132 0.35
0.698267701318765 133 0.35
0.773375473926899 134 0.35
0.776110992978302 135 0.35
0.739217019981385 136 0.35
0.708933398823776 137 0.35
0.668208283462951 138 0.35
0.617481858853593 139 0.35
0.5697144280817 140 0.35
0.499789435492079 141 0.35
0.565675933954917 142 0.35
0.606427789007123 143 0.35
0.641888613200522 144 0.35
