0.62798939456456 1 0.35
0.714103528307119 2 0.35
0.689093111248456 3 0.35
0.71057032073095 4 0.35
0.583094538459985 5 0.35
0.532129320236596 6 0.35
0.556813895738858 7 0.35
0.568865538095381 8 0.35
0.593777295446845 9 0.35
0.538816120769953 10 0.35
0.58734711972133 11 0.35
0.663551149720487 12 0.35
0.702535979568466 13 0.35
0.749650165065314 14 0.35
0.747896388545988 15 0.35
0.736172776303747 16 0.35
0.732272104474149 17 0.35
0.6273011656726 18 0.35
0.520514624203871 19 0.35
0.451790374841472 20 0.35
0.412834588111689 21 0.35
0.400056360068429 22 0.35
0.409183037352943 23 0.35
0.465801065497966 24 0.35
0.517221035685336 25 0.35
0.622587025830581 26 0.35
0.659560155835368 27 0.35
0.67369014147367 28 0.35
0.656373497598556 29 0.35
0.632508547359422 30 0.35
0.601262159018365 31 0.35
0.663778690332784 32 0.35
0.716885851834105 33 0.35
0.613130278903812 34 0.35
0.549863635005408 35 0.35
0.624423065401926 36 0.35
0.626597526845139 37 0.35
0.704781995572969 38 0.35
0.649514012104047 39 0.35
0.662503587345531 40 0.35
0.544008992213264 41 0.35
0.521523008647513 42 0.35
0.459439164841593 43 0.35
0.373893437012744 44 0.35
0.357464342015063 45 0.35
0.344786187379128 46 0.35
0.39358051697561 47 0.35
0.483123563197283 48 0.35
0.525647447831574 49 0.35
0.544513678881768 50 0.35
0.639485007253228 51 0.35
0.636407187373194 52 0.35
0.712270554279625 53 0.35
0.742569498310617 54 0.35
0.627005134333299 55 0.35
0.651282787098027 56 0.35
0.618440112093015 57 0.35
0.711092356801256 58 0.35
0.690599551935261 59 0.35
0.771458147935556 60 0.35
0.788202494670483 61 0.35
0.779981778003922 62 0.35
0.802867313826843 63 0.35
0.822370760424805 64 0.35
0.728730562287977 65 0.35
0.686396946856828 66 0.35
0.615761222525501 67 0.35
0.645873346778783 68 0.35
0.596560978228462 69 0.35
0.597824249681017 70 0.35
0.629418284058563 71 0.35
0.665668529888162 72 0.35
0.631443385907844 73 0.35
0.673474246972741 74 0.35
0.600363517145077 75 0.35
0.556989877214988 76 0.35
0.584171462440235 77 0.35
0.512964464793022 78 0.35
0.489649397177894 79 0.35
0.495118718680471 80 0.35
0.575141481320025 81 0.35
0.545335506938636 82 0.35
0.739209269809245 83 0.35
0.734714221798939 84 0.35
0.761034538648154 85 0.35
0.756898692256095 86 0.35
0.815596292369028 87 0.35
0.815364587045062 88 0.35
0.783415618248134 89 0.35
0.751614967252384 90 0.35
0.66903343098746 91 0.35
0.601759518678625 92 0.35
0.589439223471691 93 0.35
0.548069233126784 94 0.35
0.542346205335736 95 0.35
0.516992049869942 96 0.35
0.607848690895636 97 0.35
0.644922888868736 98 0.35
0.682282716513043 99 0.35
0.742715069354731 100 0.35
0.748018231870042 101 0.35
0.686994590873394 102 0.35
0.507232406088458 103 0.35
0.450095637869991 104 0.35
0.427389366559119 105 0.35
0.42332425880275 106 0.35
0.429851421905889 107 0.35
0.609375908814262 108 0.35
0.570257363359297 109 0.35
0.609577562988136 110 0.35
0.571865194310105 111 0.35
0.520068258561542 112 0.35
0.611171399838104 113 0.35
0.496955899585307 114 0.35
0.404977637418144 115 0.35
0.349888417811775 116 0.35
0.400419794208516 117 0.35
0.392717316019357 118 0.35
0.361695569932275 119 0.35
0.387281461683806 120 0.35
0.500444232740681 121 0.35
0.569502767775912 122 0.35
0.543276247379155 123 0.35
0.574455994304755 124 0.35
0.617280086590837 125 0.35
0.656132391430215 126 0.35
0.640256147267904 127 0.35
0.601752933430574 128 0.35
0.522182863238633 129 0.35
0.487686520724211 130 0.35
0.567958758595002 131 0.35
0.547634331803831 132 0.35
0.644754240992244 133 0.35
0.6130484723568 134 0.35
0.70540960236724 135 0.35
0.674096493253975 136 0.35
0.682627481083348 137 0.35
0.571236824713502 138 0.35
0.571544549280857 139 0.35
0.510061427666346 140 0.35
0.528466453670636 141 0.35
0.534443733040094 142 0.35
0.496675367350679 143 0.35
0.596363599394757 144 0.35
