0.460936122299102 1 0.35
0.551679951125644 2 0.35
0.581925151479065 3 0.35
0.550955465823421 4 0.35
0.493041195078263 5 0.35
0.406645947948959 6 0.35
0.399046341509616 7 0.35
0.375359974446926 8 0.35
0.39293057862812 9 0.35
0.491704626521579 10 0.35
0.54704970198905 11 0.35
0.629210574986497 12 0.35
0.70883955509178 13 0.35
0.76759300538831 14 0.35
0.718217988411587 15 0.35
0.693938748415529 16 0.35
0.602694961577087 17 0.35
0.57905452355582 18 0.35
0.53066452066227 19 0.35
0.46706147131139 20 0.35
0.477322126836337 21 0.35
0.512455004180784 22 0.35
0.596536903818693 23 0.35
0.580880783235754 24 0.35
0.760216510368787 25 0.35
0.639479545490447 26 0.35
0.643840978477636 27 0.35
0.613976822094707 28 0.35
0.739385504186738 29 0.35
0.667837849943339 30 0.35
0.627338152742584 31 0.35
0.577841443015095 32 0.35
0.588040255721838 33 0.35
0.559450622333627 34 0.35
0.591842353910597 35 0.35
0.609139380542444 36 0.35
0.59453745322167 37 0.35
0.597526669930357 38 0.35
0.61289444803575 39 0.35
0.683655042262674 40 0.35
0.666094456157679 41 0.35
0.601567536762186 42 0.35
0.510629139122285 43 0.35
0.459762639273625 44 0.35
0.448537913156902 45 0.35
0.46976702485984 46 0.35
0.505251803567277 47 0.35
0.468345187505688 48 0.35
0.635237764836971 49 0.35
0.611269664199651 50 0.35
0.639707132472501 51 0.35
0.715956359586096 52 0.35
0.679106913688577 53 0.35
0.561623350401976 54 0.35
0.517366143907997 55 0.35
0.43285315427626 56 0.35
0.522935295094196 57 0.35
0.520696392977369 58 0.35
0.567295800607312 59 0.35
0.638681035607911 60 0.35
0.624589160360607 61 0.35
0.648871663270187 62 0.35
0.624297115448327 63 0.35
0.60646650590785 64 0.35
0.590596313638086 65 0.35
0.483923392156945 66 0.35
0.40116371863415 67 0.35
0.436180883355131 68 0.35
0.39748399682642 69 0.35
0.421550891060756 70 0.35
0.42528191349611 71 0.35
0.480191696513492 72 0.35
0.539029852574159 73 0.35
0.588563909000923 74 0.35
0.641194350577639 75 0.35
0.623598808019389 76 0.35
0.596048793685711 77 0.35
0.618271033898017 78 0.35
0.481338640030402 79 0.35
0.533541293233526 80 0.35
0.484887964055936 81 0.35
0.453263053868575 82 0.35
0.493304347287164 83 0.35
0.526371055692201 84 0.35
0.60712435835567 85 0.35
0.695912591586342 86 0.35
0.710597844532993 87 0.35
0.696409145051307 88 0.35
0.635029066408386 89 0.35
0.593400652053466 90 0.35
0.542728885343476 91 0.35
0.533697763283561 92 0.35
0.525228842847937 93 0.35
0.589559040036195 94 0.35
0.608722750135455 95 0.35
0.763593745643561 96 0.35
0.774395403765402 97 0.35
0.788340539235763 98 0.35
0.747290145685562 99 0.35
0.772891124691461 100 0.35
0.741439970073259 101 0.35
0.681199410578401 102 0.35
0.5933189571511 103 0.35
0.583534298277108 104 0.35
0.621720081467881 105 0.35
0.710746711311506 106 0.35
0.638355437791825 107 0.35
0.613560147891185 108 0.35
0.646048281894575 109 0.35
0.695404103617142 110 0.35
0.662122649317971 111 0.35
0.699418442062319 112 0.35
0.659494973402154 113 0.35
0.612623859246767 114 0.35
0.500572417697772 115 0.35
0.40963335948822 116 0.35
0.420914719054839 117 0.35
0.451189458312641 118 0.35
0.539899994218765 119 0.35
0.66235102636583 120 0.35
0.689655226759295 121 0.35
0.630615797139215 122 0.35
0.718988883092748 123 0.35
0.653175734045864 124 0.35
0.631538635484183 125 0.35
0.561976378426256 126 0.35
0.636147051436313 127 0.35
0.645446420362821 128 0.35
0.637934552862636 129 0.35
0.607396084283771 130 0.35
0.669869903599835 131 0.35
0.742074845678435 132 0.35
0.748255536004568 133 0.35
0.784327924714828 134 0.35
0.789656346317872 135 0.35
0.819976444114244 136 0.35
0.807100439917121 137 0.35
0.646262811538433 138 0.35
0.629134346429476 139 0.35
0.567300001655702 140 0.35
0.586707605783775 141 0.35
0.514705566121669 142 0.35
0.594285893311072 143 0.35
0.685140357466028 144 0.35
