0.665340423484453 1 0.35
0.658068336342642 2 0.35
0.609889398070659 3 0.35
0.590182756180697 4 0.35
0.585865834719754 5 0.35
0.514297459777691 6 0.35
0.558306247458922 7 0.35
0.507163005805613 8 0.35
0.51412145697365 9 0.35
0.685650924778112 10 0.35
0.633241117861254 11 0.35
0.736091336308726 12 0.35
0.740363241019026 13 0.35
0.705664736819132 14 0.35
0.711552756935571 15 0.35
0.674871603954913 16 0.35
0.650893352696235 17 0.35
0.590704640681898 18 0.35
0.6612102155558 19 0.35
0.649773859028472 20 0.35
0.588311021049502 21 0.35
0.600157928815283 22 0.35
0.643574023523661 23 0.35
0.6479306085877 24 0.35
0.709876193244563 25 0.35
0.69240487820988 26 0.35
0.676022292299998 27 0.35
0.729506297911929 28 0.35
0.6677275031839 29 0.35
0.665415311754573 30 0.35
0.623377156187353 31 0.35
0.570281128255096 32 0.35
0.44526575832169 33 0.35
0.451029211963476 34 0.35
0.584586283356834 35 0.35
0.576478923809212 36 0.35
0.640953038831185 37 0.35
0.651029225517724 38 0.35
0.599123342670314 39 0.35
0.549356773794472 40 0.35
0.47618923003374 41 0.35
0.422340628531247 42 0.35
0.410145464486832 43 0.35
0.381689850122661 44 0.35
0.329705301678239 45 0.35
0.371926453055515 46 0.35
0.363916282674587 47 0.35
0.510633494781854 48 0.35
0.530122479418579 49 0.35
0.579066807346952 50 0.35
0.557756430492847 51 0.35
0.60276162905416 52 0.35
0.544321802095393 53 0.35
0.503433892087606 54 0.35
0.559746911776315 55 0.35
0.509981661046392 56 0.35
0.461757982017542 57 0.35
0.474830632123955 58 0.35
0.486479609469317 59 0.35
0.460312722098287 60 0.35
0.492624137703037 61 0.35
0.506235878849558 62 0.35
0.503927177324627 63 0.35
0.479560498193991 64 0.35
0.42653458420636 65 0.35
0.374041559443052 66 0.35
0.381519399429202 67 0.35
0.383124050486831 68 0.35
0.514255613517131 69 0.35
0.590372475780312 70 0.35
0.628744021789514 71 0.35
0.718513851659848 72 0.35
0.773938977710627 73 0.35
0.810711459259168 74 0.35
0.827472172060311 75 0.35
0.803395908235422 76 0.35
0.689889798295533 77 0.35
0.666522861824621 78 0.35
0.704419542224359 79 0.35
0.724960070941449 80 0.35
0.716809413100521 81 0.35
0.627981186765969 82 0.35
0.581843096201972 83 0.35
0.56782403300261 84 0.35
0.648610295069829 85 0.35
0.687696592430544 86 0.35
0.669653446003748 87 0.35
0.721303453454864 88 0.35
0.646306587440863 89 0.35
0.730124161520755 90 0.35
0.662247049136313 91 0.35
0.657905312599802 92 0.35
0.678234035950215 93 0.35
0.714614258315212 94 0.35
0.69612968917933 95 0.35
0.682103720408465 96 0.35
0.696732948332122 97 0.35
0.753598054683075 98 0.35
0.8275732428926 99 0.35
0.665187642164453 100 0.35
0.657510242274942 101 0.35
0.626407923535385 102 0.35
0.525080077895677 103 0.35
0.563720036571125 104 0.35
0.562535445361611 105 0.35
0.590436604926881 106 0.35
0.597864536001398 107 0.35
0.589876953260188 108 0.35
0.597509521543071 109 0.35
0.677313280300486 110 0.35
0.657282759692925 111 0.35
0.749786120527311 112 0.35
0.807117461154987 113 0.35
0.742514271594951 114 0.35
0.694807131312938 115 0.35
0.62476278682594 116 0.35
0.63840920969125 117 0.35
0.564866213328777 118 0.35
0.711943790726087 119 0.35
0.668618801535746 120 0.35
0.757158947312588 121 0.35
0.716472795118814 122 0.35
0.764618431539212 123 0.35
0.818495708157492 124 0.35
0.701382801934211 125 0.35
0.61924225715961 126 0.35
0.628774091065592 127 0.35
0.605015793680499 128 0.35
0.616972565621734 129 0.35
0.587690139501636 130 0.35
0.55588101505342 131 0.35
0.48743372755347 132 0.35
0.597521178002145 133 0.35
0.66023459965029 134 0.35
0.679465946916739 135 0.35
0.628751630404393 136 0.35
0.683076327874041 137 0.35
0.589669849796583 138 0.35
0.517053809591814 139 0.35
0.489145120428004 140 0.35
0.611926143650439 141 0.35
0.594885741456744 142 0.35
0.667246314426757 143 0.35
0.711607524234688 144 0.35
