0.515276608502789 1 0.35
0.488774364939913 2 0.35
0.468309008469307 3 0.35
0.483685183474426 4 0.35
0.5394119549582 5 0.35
0.588570384754012 6 0.35
0.535884879958526 7 0.35
0.484113254731474 8 0.35
0.531542201091976 9 0.35
0.480975668702339 10 0.35
0.588894354967105 11 0.35
0.604611339619766 12 0.35
0.642324642630936 13 0.35
0.741830958637529 14 0.35
0.827609540588888 15 0.35
0.702987281476181 16 0.35
0.597187052054091 17 0.35
0.570223505999767 18 0.35
0.521632030395456 19 0.35
0.52907024320487 20 0.35
0.634403860147039 21 0.35
0.550748351265346 22 0.35
0.611410990819647 23 0.35
0.66338404349388 24 0.35
0.716760356302596 25 0.35
0.707755715692712 26 0.35
0.67341362203463 27 0.35
0.686036144220541 28 0.35
0.678466415588914 29 0.35
0.55483503831248 30 0.35
0.403308236868611 31 0.35
0.495086472596313 32 0.35
0.493789936296881 33 0.35
0.496652450804636 34 0.35
0.571259836725181 35 0.35
0.613860449493989 36 0.35
0.631305194201601 37 0.35
0.602653744091261 38 0.35
0.670319521391139 39 0.35
0.706197315127126 40 0.35
0.706463982522517 41 0.35
0.702350440735299 42 0.35
0.666188506696 43 0.35
0.709660425197108 44 0.35
0.716810113706425 45 0.35
0.676416825443216 46 0.35
0.699479871870573 47 0.35
0.747757016305799 48 0.35
0.802191418284225 49 0.35
0.781599016998952 50 0.35
0.786653580283821 51 0.35
0.822347753539173 52 0.35
0.685414973967167 53 0.35
0.614513164019338 54 0.35
0.573957485244205 55 0.35
0.504450543370523 56 0.35
0.459791296634468 57 0.35
0.389456278709616 58 0.35
0.496907471227066 59 0.35
0.627896831312311 60 0.35
0.646786620575206 61 0.35
0.690734226314194 62 0.35
0.734549407147078 63 0.35
0.680693948510547 64 0.35
0.673063490760931 65 0.35
0.669628547866202 66 0.35
0.573717082483062 67 0.35
0.462459464847163 68 0.35
0.476196146738975 69 0.35
0.598792690270432 70 0.35
0.67086309088369 71 0.35
0.66372997706119 72 0.35
0.706037593026901 73 0.35
0.730178479109835 74 0.35
0.686671137017647 75 0.35
0.606258585778578 76 0.35
0.574097830182727 77 0.35
0.509940407270305 78 0.35
0.51535856954131 79 0.35
0.492773842501773 80 0.35
0.525345943943699 81 0.35
0.462086705866228 82 0.35
0.46963196083316 83 0.35
0.583737065352072 84 0.35
0.644954028288268 85 0.35
0.590442730734324 86 0.35
0.627825603985452 87 0.35
0.569303682118375 88 0.35
0.576064901143901 89 0.35
0.569795433163126 90 0.35
0.561194381467915 91 0.35
0.531678417865947 92 0.35
0.530976589846053 93 0.35
0.560131541524795 94 0.35
0.555847499414989 95 0.35
0.562207131276303 96 0.35
0.630342526064695 97 0.35
0.630354629615354 98 0.35
0.668305333906041 99 0.35
0.651806674387267 100 0.35
0.584902241604918 101 0.35
0.537186903153774 102 0.35
0.460791912813991 103 0.35
0.422995138897843 104 0.35
0.434186878087262 105 0.35
0.348581080768879 106 0.35
0.379477002377501 107 0.35
0.424331096768445 108 0.35
0.528218032967258 109 0.35
0.521896897258619 110 0.35
0.631002533881903 111 0.35
0.685049721368678 112 0.35
0.685642267040417 113 0.35
0.507023008512012 114 0.35
0.477536240039295 115 0.35
0.482062251380144 116 0.35
0.53396428206994 117 0.35
0.519289357877442 118 0.35
0.500597680780312 119 0.35
0.473242074265873 120 0.35
0.500489137474001 121 0.35
0.541367543212245 122 0.35
0.516749985910418 123 0.35
0.531756363279257 124 0.35
0.519892400466849 125 0.35
0.496512548707666 126 0.35
0.50272962024122 127 0.35
0.512491221218091 128 0.35
0.506997127296985 129 0.35
0.602865943899771 130 0.35
0.569324780319703 131 0.35
0.639475330378339 132 0.35
0.729691958835031 133 0.35
0.717969144646917 134 0.35
0.640483614642542 135 0.35
0.738907636541945 136 0.35
0.680933292345392 137 0.35
0.58833865307623 138 0.35
0.493891476704309 139 0.35
0.437648933057978 140 0.35
0.421033713215257 141 0.35
0.377861770889413 142 0.35
0.465847383652549 143 0.35
0.495869147109122 144 0.35
