0.63944842386835 1 0.35
0.68544528733836 2 0.35
0.742393580961716 3 0.35
0.79068680646726 4 0.35
0.807051952126977 5 0.35
0.706626098006153 6 0.35
0.622352837750013 7 0.35
0.655408798457718 8 0.35
0.542229134191429 9 0.35
0.606801976249366 10 0.35
0.608552193203122 11 0.35
0.724989843716533 12 0.35
0.697612606498207 13 0.35
0.687432845710257 14 0.35
0.715381863019613 15 0.35
0.71531583113115 16 0.35
0.756492346046919 17 0.35
0.698324614205059 18 0.35
0.695026071575024 19 0.35
0.690055671044748 20 0.35
0.648517154500276 21 0.35
0.562547107103761 22 0.35
0.631221069046942 23 0.35
0.750016185166474 24 0.35
0.734599496016105 25 0.35
0.667573549303215 26 0.35
0.682681519355229 27 0.35
0.709919582863097 28 0.35
0.680726081465119 29 0.35
0.656405483156654 30 0.35
0.534370347358018 31 0.35
0.513116604177098 32 0.35
0.467392268639938 33 0.35
0.537337467106091 34 0.35
0.526771338773361 35 0.35
0.562701714612602 36 0.35
0.694596595607262 37 0.35
0.74707896710397 38 0.35
0.674288893431317 39 0.35
0.72654689257182 40 0.35
0.638111705127601 41 0.35
0.665376006672836 42 0.35
0.615418125995137 43 0.35
0.443665222537804 44 0.35
0.675348336342131 45 0.35
0.609883594113768 46 0.35
0.60388817328864 47 0.35
0.631906137821149 48 0.35
0.769679784189903 49 0.35
0.779070088113992 50 0.35
0.763003961676337 51 0.35
0.733322076619953 52 0.35
0.688811204043382 53 0.35
0.684078701497588 54 0.35
0.658615418446605 55 0.35
0.485971115043134 56 0.35
0.56415276646121 57 0.35
0.587660778409853 58 0.35
0.649015818070428 59 0.35
0.664245528036334 60 0.35
0.674907671456557 61 0.35
0.706340956449845 62 0.35
0.617085325029612 63 0.35
0.519072980255745 64 0.35
0.460188257621506 65 0.35
0.417473679079941 66 0.35
0.366773487573794 67 0.35
0.46851343618325 68 0.35
0.528194952216223 69 0.35
0.567343747450801 70 0.35
0.50087704019175 71 0.35
0.621517834941904 72 0.35
0.693512187284084 73 0.35
0.808529340347591 74 0.35
0.827498472021363 75 0.35
0.753608401462757 76 0.35
0.670841148309577 77 0.35
0.65613411116816 78 0.35
0.570137704209384 79 0.35
0.529462858159858 80 0.35
0.531191775794188 81 0.35
0.541101148105554 82 0.35
0.533835310160288 83 0.35
0.594202629694443 84 0.35
0.589653421315731 85 0.35
0.62906485408113 86 0.35
0.696624598726793 87 0.35
0.71188880822756 88 0.35
0.690708193667239 89 0.35
0.698768621742666 90 0.35
0.65441089893062 91 0.35
0.616253447368992 92 0.35
0.477745401355986 93 0.35
0.667438691667384 94 0.35
0.671346411939359 95 0.35
0.76550940208258 96 0.35
0.752219139671925 97 0.35
0.770105103669709 98 0.35
0.730509268093924 99 0.35
0.759981920296413 100 0.35
0.695687293579411 101 0.35
0.610940081179155 102 0.35
0.491056272331857 103 0.35
0.417952310497547 104 0.35
0.462855326406745 105 0.35
0.422153812260891 106 0.35
0.416360534459453 107 0.35
0.570687416345704 108 0.35
0.641993152024286 109 0.35
0.667157153761485 110 0.35
0.631468537685312 111 0.35
0.644101954569572 112 0.35
0.504555511055514 113 0.35
0.373031269842364 114 0.35
0.324385535866166 115 0.35
0.27825615548007 116 0.35
0.336769455773992 117 0.35
0.439118907017637 118 0.35
0.529246744168118 119 0.35
0.554551584667319 120 0.35
0.569630151329033 121 0.35
0.593720441953013 122 0.35
0.639859119326536 123 0.35
0.634539970742178 124 0.35
0.708997930275434 125 0.35
0.739085323383811 126 0.35
0.709352077665359 127 0.35
0.684679534457555 128 0.35
0.651110460864025 129 0.35
0.638089077477717 130 0.35
0.641068528209418 131 0.35
0.702031112127163 132 0.35
0.767031614171687 133 0.35
0.764324887794893 134 0.35
0.676347172818454 135 0.35
0.686676046985959 136 0.35
0.721430935098572 137 0.35
0.763115794008861 138 0.35
0.673101189290497 139 0.35
0.643463456719666 140 0.35
0.635901254367801 141 0.35
0.590394250120002 142 0.35
0.61262776755266 143 0.35
0.601751215933908 144 0.35
