0.575142034387726 1 0.35
0.596322663190056 2 0.35
0.672375730098436 3 0.35
0.63249754468695 4 0.35
0.635193286071119 5 0.35
0.565452122130898 6 0.35
0.683944020856758 7 0.35
0.666343833096741 8 0.35
0.680002515093044 9 0.35
0.68912541150631 10 0.35
0.611527418748799 11 0.35
0.6475558346379 12 0.35
0.607996037424827 13 0.35
0.665743057131384 14 0.35
0.656795825051573 15 0.35
0.663127432987763 16 0.35
0.666542494814028 17 0.35
0.656719335551083 18 0.35
0.661507896206038 19 0.35
0.658789992366931 20 0.35
0.575745170715025 21 0.35
0.519998912058111 22 0.35
0.581788517967101 23 0.35
0.601014822168838 24 0.35
0.674020140110743 25 0.35
0.681584175229822 26 0.35
0.577440321591595 27 0.35
0.601332571067828 28 0.35
0.606615258926125 29 0.35
0.525473738363476 30 0.35
0.421534952166223 31 0.35
0.475264420703592 32 0.35
0.45178833286468 33 0.35
0.499489181733381 34 0.35
0.58168247088466 35 0.35
0.568981976810209 36 0.35
0.650279342477758 37 0.35
0.72427020852769 38 0.35
0.7659755922908 39 0.35
0.767460369560598 40 0.35
0.685088697475001 41 0.35
0.659114309415539 42 0.35
0.692862555144309 43 0.35
0.56581972799898 44 0.35
0.504859589201048 45 0.35
0.443615676895569 46 0.35
0.437603220798625 47 0.35
0.517727129694098 48 0.35
0.551795206271018 49 0.35
0.580787120746624 50 0.35
0.622222831330066 51 0.35
0.772504393019206 52 0.35
0.732181032604794 53 0.35
0.651926443353428 54 0.35
0.539013679438934 55 0.35
0.463751723771592 56 0.35
0.304422151955405 57 0.35
0.348695920996303 58 0.35
0.393715897199268 59 0.35
0.470348726691972 60 0.35
0.635272851474603 61 0.35
0.657051908092753 62 0.35
0.653195447942346 63 0.35
0.643866959734273 64 0.35
0.623804789343193 65 0.35
0.596365656161311 66 0.35
0.555409072271628 67 0.35
0.414342464256071 68 0.35
0.363689662571608 69 0.35
0.453953652385161 70 0.35
0.453343378426582 71 0.35
0.479075689973229 72 0.35
0.590997515224714 73 0.35
0.511141602455016 74 0.35
0.469486632429459 75 0.35
0.489429317280203 76 0.35
0.456368735961151 77 0.35
0.41904263932087 78 0.35
0.396644751710889 79 0.35
0.417811987518713 80 0.35
0.49530434449541 81 0.35
0.484685322024585 82 0.35
0.465779749078324 83 0.35
0.525918093746132 84 0.35
0.531142568355808 85 0.35
0.60283763012255 86 0.35
0.584822675666216 87 0.35
0.626530560968938 88 0.35
0.650971529863341 89 0.35
0.684683786245676 90 0.35
0.648311132900635 91 0.35
0.614044592438833 92 0.35
0.608110062042431 93 0.35
0.587408460605309 94 0.35
0.63570422024935 95 0.35
0.620072599888687 96 0.35
0.774127706612886 97 0.35
0.790197702766169 98 0.35
0.816300880061233 99 0.35
0.795713611263115 100 0.35
0.807061188921397 101 0.35
0.73501577124515 102 0.35
0.686854492985632 103 0.35
0.637218384153559 104 0.35
0.7168470191741 105 0.35
0.686590055548588 106 0.35
0.745307059106953 107 0.35
0.729565589691143 108 0.35
0.636547870976106 109 0.35
0.719129525999545 110 0.35
0.644095541540186 111 0.35
0.678583149064385 112 0.35
0.659760562286301 113 0.35
0.642989897590317 114 0.35
0.536062529752841 115 0.35
0.503916482680614 116 0.35
0.49373778755025 117 0.35
0.472425875285477 118 0.35
0.553118330775872 119 0.35
0.652822801056375 120 0.35
0.789376787160225 121 0.35
0.822138349576193 122 0.35
0.704935155585906 123 0.35
0.719422159484047 124 0.35
0.629088616726392 125 0.35
0.660032685258638 126 0.35
0.588921225229753 127 0.35
0.562179300366113 128 0.35
0.608308703822494 129 0.35
0.724656830763059 130 0.35
0.585109167008196 131 0.35
0.584597464874665 132 0.35
0.563762061320714 133 0.35
0.588974673425567 134 0.35
0.640587911336346 135 0.35
0.616962181151091 136 0.35
0.6176523094324 137 0.35
0.564380890598044 138 0.35
0.518067175024212 139 0.35
0.387641623670251 140 0.35
0.416776344549733 141 0.35
0.49481134434216 142 0.35
0.45659984414088 143 0.35
0.576232604901365 144 0.35
