0.695425528421221 1 0.35
0.651489957755743 2 0.35
0.705448942136006 3 0.35
0.746922051170837 4 0.35
0.780886546582274 5 0.35
0.758821030325952 6 0.35
0.699378325354307 7 0.35
0.725002589937274 8 0.35
0.510134997326484 9 0.35
0.496719932570865 10 0.35
0.550905470559707 11 0.35
0.563497616488251 12 0.35
0.704869119892733 13 0.35
0.658330661054886 14 0.35
0.682902469052595 15 0.35
0.715751868114928 16 0.35
0.720551445606324 17 0.35
0.605416976849475 18 0.35
0.598393150003683 19 0.35
0.623135611068547 20 0.35
0.576804884388388 21 0.35
0.362131778956931 22 0.35
0.388431473704031 23 0.35
0.437243150964723 24 0.35
0.516646934186059 25 0.35
0.541581446796451 26 0.35
0.578092607040458 27 0.35
0.478118108322254 28 0.35
0.440262380951895 29 0.35
0.319370390126848 30 0.35
0.240236530283981 31 0.35
0.209994005987654 32 0.35
0.176521502401355 33 0.35
0.191988081930702 34 0.35
0.18960460520768 35 0.35
0.234462769966731 36 0.35
0.268979707277979 37 0.35
0.321738638461196 38 0.35
0.335414454223667 39 0.35
0.34541790535426 40 0.35
0.259063583782664 41 0.35
0.230144438153318 42 0.35
0.18968503031323 43 0.35
0.17106768089421 44 0.35
0.153501004332119 45 0.35
0.176410374079323 46 0.35
0.205434943498669 47 0.35
0.239477283989927 48 0.35
0.253974530889885 49 0.35
0.321827327862134 50 0.35
0.313924778828616 51 0.35
0.289750179583567 52 0.35
0.249600166558639 53 0.35
0.219163709506224 54 0.35
0.179390324123946 55 0.35
0.363811245763789 56 0.35
0.339914781901974 57 0.35
0.356869411754613 58 0.35
0.463681919191203 59 0.35
0.570644883429344 60 0.35
0.596224971509585 61 0.35
0.72494092373659 62 0.35
0.69094297766572 63 0.35
0.66043023886276 64 0.35
0.654978889961568 65 0.35
0.629883541262961 66 0.35
0.567526562972075 67 0.35
0.542144225871814 68 0.35
0.555339528034991 69 0.35
0.609204024385522 70 0.35
0.643628455081649 71 0.35
0.674975184967965 72 0.35
0.694288700442785 73 0.35
0.755736907099389 74 0.35
0.724201686480102 75 0.35
0.710050112057489 76 0.35
0.678059670170089 77 0.35
0.595496367364926 78 0.35
0.508537046006679 79 0.35
0.499972267752619 80 0.35
0.468684179702324 81 0.35
0.430290988299549 82 0.35
0.4051941900605 83 0.35
0.486830933478176 84 0.35
0.594840990590982 85 0.35
0.627346606978251 86 0.35
0.591739557241315 87 0.35
0.578090456392139 88 0.35
0.590285580572214 89 0.35
0.611143960832681 90 0.35
0.55296507239368 91 0.35
0.556984235943199 92 0.35
0.440943393022248 93 0.35
0.540439049323386 94 0.35
0.526393695841532 95 0.35
0.522900324439909 96 0.35
0.624227528473168 97 0.35
0.69896734481748 98 0.35
0.714760319748582 99 0.35
0.724071467312902 100 0.35
0.633437446683716 101 0.35
0.592620588058408 102 0.35
0.564971092341287 103 0.35
0.592020768118344 104 0.35
0.482495693660817 105 0.35
0.549401359888565 106 0.35
0.627757617891187 107 0.35
0.695315428469687 108 0.35
0.723810477237914 109 0.35
0.707020442361602 110 0.35
0.722680279025398 111 0.35
0.734968778752717 112 0.35
0.784937632626304 113 0.35
0.784436989418454 114 0.35
0.722231551539052 115 0.35
0.710065299079602 116 0.35
0.65318778299771 117 0.35
0.627242320808624 118 0.35
0.5882098854922 119 0.35
0.629127850961003 120 0.35
0.590628425481481 121 0.35
0.700134084874982 122 0.35
0.775158345623297 123 0.35
0.762813920755374 124 0.35
0.683364784159442 125 0.35
0.739507814935972 126 0.35
0.720560676222254 127 0.35
0.68125889560068 128 0.35
0.663656329446302 129 0.35
0.709835671866395 130 0.35
0.742025153690061 131 0.35
0.745727007663866 132 0.35
0.733731803116811 133 0.35
0.723835037776971 134 0.35
0.777963240938891 135 0.35
0.743100506127928 136 0.35
0.807033688287042 137 0.35
0.784370694700905 138 0.35
0.530358906421196 139 0.35
0.633846023328727 140 0.35
0.616219657998255 141 0.35
0.622037731413106 142 0.35
0.579965356291972 143 0.35
0.625852265669841 144 0.35
