0.750622768472926 1 0.35
0.809620535127902 2 0.35
0.727559745590496 3 0.35
0.684910269722502 4 0.35
0.70866752605971 5 0.35
0.684913249208347 6 0.35
0.725847777753037 7 0.35
0.582503071932919 8 0.35
0.534338276558466 9 0.35
0.599587847853557 10 0.35
0.609767282645272 11 0.35
0.598773079334553 12 0.35
0.655252015073169 13 0.35
0.642609686820674 14 0.35
0.611902848331143 15 0.35
0.62431394967863 16 0.35
0.658816406994953 17 0.35
0.656146160430723 18 0.35
0.573426087614995 19 0.35
0.49334036355418 20 0.35
0.444960630853254 21 0.35
0.4019892451216 22 0.35
0.413864715923806 23 0.35
0.456476990828972 24 0.35
0.472344951060902 25 0.35
0.519723660801389 26 0.35
0.549416286192911 27 0.35
0.595903915477772 28 0.35
0.566822630675541 29 0.35
0.555947531962167 30 0.35
0.543625315413852 31 0.35
0.487281242973623 32 0.35
0.436489012037468 33 0.35
0.392441616490511 34 0.35
0.410555045345397 35 0.35
0.584847594313768 36 0.35
0.507748252172639 37 0.35
0.691964107974275 38 0.35
0.692284845010057 39 0.35
0.663215338465662 40 0.35
0.621517539994129 41 0.35
0.619401520132548 42 0.35
0.548289922663598 43 0.35
0.512291371472213 44 0.35
0.553386216025652 45 0.35
0.68005429782789 46 0.35
0.605183893163059 47 0.35
0.558163724400701 48 0.35
0.618749819730847 49 0.35
0.708534195502515 50 0.35
0.691055856450115 51 0.35
0.706277251035596 52 0.35
0.669728064693996 53 0.35
0.606449916759086 54 0.35
0.490996033445956 55 0.35
0.366323640640316 56 0.35
0.411322955368121 57 0.35
0.393510995291579 58 0.35
0.360282663620734 59 0.35
0.406847385068659 60 0.35
0.434201895441223 61 0.35
0.521005601924909 62 0.35
0.519043428623982 63 0.35
0.582825363900914 64 0.35
0.596940104599463 65 0.35
0.61023409383957 66 0.35
0.514653124638347 67 0.35
0.593942761388576 68 0.35
0.584521224263005 69 0.35
0.643239273015193 70 0.35
0.658334504166142 71 0.35
0.692368714401761 72 0.35
0.718996183365088 73 0.35
0.757505818445806 74 0.35
0.800483083322568 75 0.35
0.822395101956193 76 0.35
0.805992608231692 77 0.35
0.752464796705361 78 0.35
0.712279409235348 79 0.35
0.691099939257436 80 0.35
0.71688513869439 81 0.35
0.696148357559107 82 0.35
0.680508425807046 83 0.35
0.664088887757615 84 0.35
0.697943782686906 85 0.35
0.688213083995332 86 0.35
0.674300484969111 87 0.35
0.729951967009194 88 0.35
0.769070934180054 89 0.35
0.784361417886045 90 0.35
0.702457496353697 91 0.35
0.59708454984369 92 0.35
0.593170057465802 93 0.35
0.533316939883533 94 0.35
0.677935559526545 95 0.35
0.656436380354494 96 0.35
0.608820146654521 97 0.35
0.595736881201882 98 0.35
0.578792410936835 99 0.35
0.586302025500315 100 0.35
0.616280392185972 101 0.35
0.651997782910694 102 0.35
0.745769931154024 103 0.35
0.644059509791342 104 0.35
0.515799235523662 105 0.35
0.472280886233936 106 0.35
0.522720024812651 107 0.35
0.511940947938257 108 0.35
0.590227223753497 109 0.35
0.582876551931889 110 0.35
0.56418036447836 111 0.35
0.56037542687704 112 0.35
0.5570674958946 113 0.35
0.469094858771227 114 0.35
0.403103927984457 115 0.35
0.399165227985385 116 0.35
0.40128706828557 117 0.35
0.463399967037909 118 0.35
0.645203682353257 119 0.35
0.589754592116492 120 0.35
0.621668039633954 121 0.35
0.638899716711878 122 0.35
0.648482772180474 123 0.35
0.630527213235874 124 0.35
0.545480315327986 125 0.35
0.446576659693056 126 0.35
0.504376213560014 127 0.35
0.476848950343333 128 0.35
0.38859823046766 129 0.35
0.533670545771703 130 0.35
0.559452269544429 131 0.35
0.642449519827505 132 0.35
0.655407430833419 133 0.35
0.659892922096828 134 0.35
0.719381085966024 135 0.35
0.602787181989635 136 0.35
0.542398922740397 137 0.35
0.531817222447076 138 0.35
0.398227715104129 139 0.35
0.329440184265743 140 0.35
0.374143253121417 141 0.35
0.385112119719168 142 0.35
0.38820493672593 143 0.35
0.457035946708457 144 0.35
