0.673856497867328 1 0.35
0.689709878169397 2 0.35
0.656004716603544 3 0.35
0.645675796094047 4 0.35
0.612008383688283 5 0.35
0.55886783522774 6 0.35
0.577924765335773 7 0.35
0.547335483132712 8 0.35
0.568723622630417 9 0.35
0.624764484480321 10 0.35
0.590150226233419 11 0.35
0.644385890182175 12 0.35
0.583229585428975 13 0.35
0.58759357995846 14 0.35
0.57087368120969 15 0.35
0.555281932100867 16 0.35
0.499043362018647 17 0.35
0.434773938634476 18 0.35
0.374289739256635 19 0.35
0.276891173228658 20 0.35
0.208785278546947 21 0.35
0.194863822713911 22 0.35
0.40832646629419 23 0.35
0.574140099986541 24 0.35
0.549420383879582 25 0.35
0.588517307506307 26 0.35
0.66709311416242 27 0.35
0.647584599993303 28 0.35
0.566808496181279 29 0.35
0.483852604585747 30 0.35
0.434198857364167 31 0.35
0.439432502121831 32 0.35
0.399025169876107 33 0.35
0.418932431108089 34 0.35
0.507189833394793 35 0.35
0.57190433045451 36 0.35
0.585040283365477 37 0.35
0.553200415895578 38 0.35
0.573338095166696 39 0.35
0.55878247759709 40 0.35
0.512933034122728 41 0.35
0.456002761536171 42 0.35
0.413049469071692 43 0.35
0.408615327022863 44 0.35
0.400467223528611 45 0.35
0.445770012144161 46 0.35
0.728294808192878 47 0.35
0.766236805121358 48 0.35
0.806712974819514 49 0.35
0.822124876360638 50 0.35
0.776015238052403 51 0.35
0.768483398329636 52 0.35
0.794122895682664 53 0.35
0.761427940308475 54 0.35
0.629628456367036 55 0.35
0.595734187718146 56 0.35
0.53725195605948 57 0.35
0.571646806259335 58 0.35
0.664401815272976 59 0.35
0.711979692895949 60 0.35
0.59466946634664 61 0.35
0.580917976365526 62 0.35
0.694495784364645 63 0.35
0.653631427343527 64 0.35
0.661439965398964 65 0.35
0.511841628413771 66 0.35
0.487648733003449 67 0.35
0.464698520324088 68 0.35
0.459438366451308 69 0.35
0.426231123835024 70 0.35
0.491954347513022 71 0.35
0.502996134155305 72 0.35
0.596635337209479 73 0.35
0.736515406693268 74 0.35
0.739818622032176 75 0.35
0.637083419046002 76 0.35
0.638204577210574 77 0.35
0.530398688068961 78 0.35
0.377774868952151 79 0.35
0.347390425894912 80 0.35
0.30311747851415 81 0.35
0.324499345750701 82 0.35
0.41420615978871 83 0.35
0.536844651687096 84 0.35
0.543807861634237 85 0.35
0.65765059479253 86 0.35
0.679752171681104 87 0.35
0.62104132762459 88 0.35
0.677920352589018 89 0.35
0.685274603117031 90 0.35
0.694879981657901 91 0.35
0.677705144092199 92 0.35
0.639859425075836 93 0.35
0.574631285958682 94 0.35
0.605049987761057 95 0.35
0.638659957602061 96 0.35
0.687151799825651 97 0.35
0.641806942190719 98 0.35
0.683797421833993 99 0.35
0.602436409334043 100 0.35
0.482950302570561 101 0.35
0.471942887243901 102 0.35
0.493147922721289 103 0.35
0.552911570120305 104 0.35
0.55875060701159 105 0.35
0.48927792982273 106 0.35
0.592099760885924 107 0.35
0.628497164007814 108 0.35
0.697134235469662 109 0.35
0.610406153674324 110 0.35
0.603085758890294 111 0.35
0.599287465085881 112 0.35
0.542954384148317 113 0.35
0.682535568002067 114 0.35
0.531922332169632 115 0.35
0.481439879072206 116 0.35
0.553333747430625 117 0.35
0.611466899168398 118 0.35
0.653815922925944 119 0.35
0.683430902478298 120 0.35
0.736052176385112 121 0.35
0.79987652339951 122 0.35
0.731910973472701 123 0.35
0.742626652422414 124 0.35
0.753463811335997 125 0.35
0.753602684112298 126 0.35
0.745748825203849 127 0.35
0.588954207200521 128 0.35
0.60575922034801 129 0.35
0.614145847830965 130 0.35
0.63443045514395 131 0.35
0.721734420900259 132 0.35
0.798805698464936 133 0.35
0.822100301009322 134 0.35
0.759838515673327 135 0.35
0.696374305062079 136 0.35
0.69266038678445 137 0.35
0.610861521735219 138 0.35
0.554112629037782 139 0.35
0.587821571306133 140 0.35
0.61949676130737 141 0.35
0.552381298241634 142 0.35
0.550459669850742 143 0.35
0.500736654619378 144 0.35
