0.679127415760764 1 0.35
0.63153687413701 2 0.35
0.637927860388708 3 0.35
0.737486334844554 4 0.35
0.668577548935752 5 0.35
0.625144716997189 6 0.35
0.491839960916463 7 0.35
0.52471280336505 8 0.35
0.52821362619574 9 0.35
0.519855601746722 10 0.35
0.494931449599822 11 0.35
0.523343601500443 12 0.35
0.599347187430279 13 0.35
0.687229260961852 14 0.35
0.730599055641136 15 0.35
0.786057114231407 16 0.35
0.673276415272841 17 0.35
0.567240820612638 18 0.35
0.526819577841277 19 0.35
0.42083442733801 20 0.35
0.364675793154637 21 0.35
0.357772297700205 22 0.35
0.399546733139134 23 0.35
0.561851506612214 24 0.35
0.658622179642901 25 0.35
0.775724739778528 26 0.35
0.7284105016199 27 0.35
0.727593856305878 28 0.35
0.707259953680927 29 0.35
0.591598746087483 30 0.35
0.56685560858184 31 0.35
0.523932899632307 32 0.35
0.531724493565935 33 0.35
0.379692470724287 34 0.35
0.464034554586091 35 0.35
0.566702393705365 36 0.35
0.707305590870548 37 0.35
0.80699616095649 38 0.35
0.76881967801349 39 0.35
0.814862047349768 40 0.35
0.78321345533288 41 0.35
0.669704902009925 42 0.35
0.730959966285142 43 0.35
0.650875262127323 44 0.35
0.591844414520424 45 0.35
0.525943580199804 46 0.35
0.567967316478114 47 0.35
0.532277827752717 48 0.35
0.529361673038562 49 0.35
0.580775453291723 50 0.35
0.556562922908046 51 0.35
0.58160607410443 52 0.35
0.482258846457768 53 0.35
0.429939793303788 54 0.35
0.336790989367548 55 0.35
0.368211105646492 56 0.35
0.366891354021672 57 0.35
0.387706354499578 58 0.35
0.439261741442373 59 0.35
0.483587583469818 60 0.35
0.507421921278793 61 0.35
0.677025630336167 62 0.35
0.581330310710449 63 0.35
0.629219830005095 64 0.35
0.55917508407347 65 0.35
0.56251671672982 66 0.35
0.502172492131822 67 0.35
0.468301859984246 68 0.35
0.49629072412056 69 0.35
0.490287240361142 70 0.35
0.516742647072151 71 0.35
0.571136041768502 72 0.35
0.598276923984025 73 0.35
0.626323736675819 74 0.35
0.638495467658766 75 0.35
0.60275468081177 76 0.35
0.572193363418888 77 0.35
0.519871042888903 78 0.35
0.445626828212027 79 0.35
0.538387530690828 80 0.35
0.503655446183383 81 0.35
0.482650745391097 82 0.35
0.559875389373056 83 0.35
0.69189384600239 84 0.35
0.686814265868369 85 0.35
0.647239937158028 86 0.35
0.631618088234907 87 0.35
0.686985891114741 88 0.35
0.633421085377848 89 0.35
0.585622699384586 90 0.35
0.542357580638501 91 0.35
0.507726539957999 92 0.35
0.452666647276306 93 0.35
0.461008601250818 94 0.35
0.474731458777074 95 0.35
0.585138768074257 96 0.35
0.653907621708973 97 0.35
0.693620142517179 98 0.35
0.66434912576683 99 0.35
0.666003121644276 100 0.35
0.666605596651983 101 0.35
0.783168433624011 102 0.35
0.671179738386647 103 0.35
0.586336917621553 104 0.35
0.595107727912547 105 0.35
0.621476838915228 106 0.35
0.707334085944391 107 0.35
0.735497039374826 108 0.35
0.764034631546106 109 0.35
0.700759483088935 110 0.35
0.731828608685874 111 0.35
0.798991362453939 112 0.35
0.663575063050525 113 0.35
0.627952522969895 114 0.35
0.391457959746467 115 0.35
0.337324691242506 116 0.35
0.367042845349361 117 0.35
0.506819951255092 118 0.35
0.60392021523613 119 0.35
0.668291553386514 120 0.35
0.754796041089182 121 0.35
0.670954330548015 122 0.35
0.648704330038846 123 0.35
0.577972693743457 124 0.35
0.512577233000181 125 0.35
0.45247152104617 126 0.35
0.411933427261726 127 0.35
0.462489685580076 128 0.35
0.472159625987672 129 0.35
0.463329831422578 130 0.35
0.444755856747546 131 0.35
0.580269002358076 132 0.35
0.634047445911177 133 0.35
0.591043113980711 134 0.35
0.663774239976219 135 0.35
0.642590103923856 136 0.35
0.619478757437336 137 0.35
0.614111405326031 138 0.35
0.561341576578885 139 0.35
0.49722441738494 140 0.35
0.406625998000868 141 0.35
0.517408260033716 142 0.35
0.502169270077728 143 0.35
0.523518829342404 144 0.35
