0.62432380423467 1 0.35
0.620455215304092 2 0.35
0.704897778866132 3 0.35
0.645642363830413 4 0.35
0.622090886545863 5 0.35
0.567766918059766 6 0.35
0.538396392811527 7 0.35
0.549692087748713 8 0.35
0.643057225174265 9 0.35
0.640477914702287 10 0.35
0.678328811076379 11 0.35
0.590691559939575 12 0.35
0.678297153938661 13 0.35
0.724347495078043 14 0.35
0.652290445457998 15 0.35
0.568422292641493 16 0.35
0.557437816421841 17 0.35
0.564014670672697 18 0.35
0.494105892823402 19 0.35
0.510082470263518 20 0.35
0.456304287787742 21 0.35
0.514814537755888 22 0.35
0.554988214935974 23 0.35
0.517235742858483 24 0.35
0.588584780614256 25 0.35
0.665262745496312 26 0.35
0.688918744849853 27 0.35
0.702027164096785 28 0.35
0.613831493223019 29 0.35
0.619306082645493 30 0.35
0.540400553168414 31 0.35
0.646276774602588 32 0.35
0.681613637138797 33 0.35
0.518365852458199 34 0.35
0.602957997620638 35 0.35
0.589486093197219 36 0.35
0.624461851471218 37 0.35
0.751278753316292 38 0.35
0.735537964675269 39 0.35
0.714095607447312 40 0.35
0.661882590168877 41 0.35
0.599050721229642 42 0.35
0.566345903459934 43 0.35
0.646504687789399 44 0.35
0.648822548427415 45 0.35
0.600690598316742 46 0.35
0.628054884949424 47 0.35
0.66635875841743 48 0.35
0.686933295731092 49 0.35
0.688886735041655 50 0.35
0.638960461159043 51 0.35
0.618128146906145 52 0.35
0.562942817147288 53 0.35
0.537664494376698 54 0.35
0.488212353157851 55 0.35
0.438857685781443 56 0.35
0.478870470519238 57 0.35
0.535003606086474 58 0.35
0.650056095043681 59 0.35
0.749808715937535 60 0.35
0.784785358595149 61 0.35
0.776921777075265 62 0.35
0.723527612908664 63 0.35
0.746238335245262 64 0.35
0.698424100412494 65 0.35
0.680933930667074 66 0.35
0.717815209979052 67 0.35
0.355746601042183 68 0.35
0.332275414741897 69 0.35
0.347294400325303 70 0.35
0.429269461928497 71 0.35
0.544972651835574 72 0.35
0.602626985157988 73 0.35
0.692059827742233 74 0.35
0.7636022729218 75 0.35
0.710638937080249 76 0.35
0.709058623340451 77 0.35
0.706489571054517 78 0.35
0.61507898579835 79 0.35
0.58701607119949 80 0.35
0.588184753223572 81 0.35
0.620169348175138 82 0.35
0.713272265027776 83 0.35
0.771487580038445 84 0.35
0.791515862391701 85 0.35
0.822098123142708 86 0.35
0.827586424494096 87 0.35
0.774439205900833 88 0.35
0.768136764949006 89 0.35
0.784386500549964 90 0.35
0.636436679665129 91 0.35
0.519501067502585 92 0.35
0.548759211936599 93 0.35
0.583344887557601 94 0.35
0.653352407619678 95 0.35
0.70579924570299 96 0.35
0.71000150419397 97 0.35
0.706059542485412 98 0.35
0.685044947289838 99 0.35
0.66892649839217 100 0.35
0.652096938742193 101 0.35
0.601971469921174 102 0.35
0.5280322157576 103 0.35
0.592067911423437 104 0.35
0.574555024591247 105 0.35
0.554235803218387 106 0.35
0.562767335028863 107 0.35
0.566409486327073 108 0.35
0.633162617858923 109 0.35
0.63015034459761 110 0.35
0.611541333368593 111 0.35
0.591007466406425 112 0.35
0.562902187749933 113 0.35
0.560804582636247 114 0.35
0.647657566596381 115 0.35
0.587523164289089 116 0.35
0.517039110865741 117 0.35
0.468949245180812 118 0.35
0.448038210045168 119 0.35
0.545132881505358 120 0.35
0.57409213084559 121 0.35
0.604947250746839 122 0.35
0.58764579225343 123 0.35
0.549162538488862 124 0.35
0.526770184129672 125 0.35
0.517425626149947 126 0.35
0.474159244714493 127 0.35
0.511716477751944 128 0.35
0.591859443824181 129 0.35
0.594229172525237 130 0.35
0.646794791433842 131 0.35
0.688719384062895 132 0.35
0.748753929421804 133 0.35
0.73623709845023 134 0.35
0.796091885118577 135 0.35
0.818709110247572 136 0.35
0.807138438345261 137 0.35
0.730410925971647 138 0.35
0.658320769131396 139 0.35
0.649088893386883 140 0.35
0.658006452216998 141 0.35
0.479414962484373 142 0.35
0.549764279116503 143 0.35
0.563111491781763 144 0.35
