0.697877716457726 1 0.35
0.771680109169086 2 0.35
0.737883681412763 3 0.35
0.80336415660199 4 0.35
0.807103517970225 5 0.35
0.70556077779549 6 0.35
0.656456210144825 7 0.35
0.621281459447315 8 0.35
0.55126063756139 9 0.35
0.599300702769916 10 0.35
0.685344798527848 11 0.35
0.723434080612818 12 0.35
0.797931452874041 13 0.35
0.816882500591159 14 0.35
0.760246621869809 15 0.35
0.767587821421557 16 0.35
0.714486362108239 17 0.35
0.784368354723038 18 0.35
0.555321038866898 19 0.35
0.440238852875791 20 0.35
0.450620191653669 21 0.35
0.456868746677369 22 0.35
0.60124859270823 23 0.35
0.648069288258288 24 0.35
0.655980549113675 25 0.35
0.708337570174173 26 0.35
0.75090413530918 27 0.35
0.741469456938245 28 0.35
0.735189534562054 29 0.35
0.590601075952833 30 0.35
0.568498263099071 31 0.35
0.519505344092951 32 0.35
0.534620414286875 33 0.35
0.493760422298663 34 0.35
0.532249207569206 35 0.35
0.587212312857363 36 0.35
0.601494375130637 37 0.35
0.61268040937816 38 0.35
0.573918131367127 39 0.35
0.553364871990154 40 0.35
0.518278608992243 41 0.35
0.551390723022811 42 0.35
0.513225876509474 43 0.35
0.44056023156709 44 0.35
0.410173563352412 45 0.35
0.475559747646953 46 0.35
0.536326312293453 47 0.35
0.57845301669056 48 0.35
0.555474095101941 49 0.35
0.576645194186456 50 0.35
0.661396577630781 51 0.35
0.735566118049392 52 0.35
0.659435171043927 53 0.35
0.63249461648372 54 0.35
0.595732524769237 55 0.35
0.649197774532839 56 0.35
0.62140063541512 57 0.35
0.692707720946958 58 0.35
0.641080129724015 59 0.35
0.690277379618282 60 0.35
0.751962610474989 61 0.35
0.737372806683231 62 0.35
0.767161059816767 63 0.35
0.749622438074796 64 0.35
0.772597390511299 65 0.35
0.757798465536869 66 0.35
0.636570662974333 67 0.35
0.607873920821025 68 0.35
0.515260853520786 69 0.35
0.575123017539109 70 0.35
0.679197811358504 71 0.35
0.687654470614566 72 0.35
0.665469205234558 73 0.35
0.673325215577779 74 0.35
0.687566735123838 75 0.35
0.680283697376757 76 0.35
0.682619012666766 77 0.35
0.586913136057804 78 0.35
0.617733334329024 79 0.35
0.565126977588402 80 0.35
0.52073125323142 81 0.35
0.480728876096913 82 0.35
0.464734955155196 83 0.35
0.525156965084653 84 0.35
0.575115711798992 85 0.35
0.629522456608882 86 0.35
0.593571035667652 87 0.35
0.624782137098095 88 0.35
0.805120497127993 89 0.35
0.784313657616734 90 0.35
0.745790096480337 91 0.35
0.710636901959349 92 0.35
0.609935818396062 93 0.35
0.448246314524456 94 0.35
0.472849678686507 95 0.35
0.554856584508444 96 0.35
0.622966441538046 97 0.35
0.729740355209857 98 0.35
0.701821607910601 99 0.35
0.713267738236068 100 0.35
0.645836904935881 101 0.35
0.590071611545157 102 0.35
0.480872874280387 103 0.35
0.476053411339121 104 0.35
0.53174069160005 105 0.35
0.480813239315034 106 0.35
0.556213476941793 107 0.35
0.55653538231317 108 0.35
0.643906711742084 109 0.35
0.623305042984082 110 0.35
0.72148167964189 111 0.35
0.665915461292107 112 0.35
0.653941868365639 113 0.35
0.777322884320377 114 0.35
0.733749855610096 115 0.35
0.603941517054273 116 0.35
0.545100133294481 117 0.35
0.544215192230263 118 0.35
0.431650455296206 119 0.35
0.482443500402986 120 0.35
0.55164383954366 121 0.35
0.621591452514969 122 0.35
0.691428142055647 123 0.35
0.687099130039131 124 0.35
0.614202384824408 125 0.35
0.656544936205613 126 0.35
0.628336309441864 127 0.35
0.540581770678124 128 0.35
0.511122334468296 129 0.35
0.568750170213264 130 0.35
0.556296996501914 131 0.35
0.548851757688705 132 0.35
0.6763191549059 133 0.35
0.696619156325423 134 0.35
0.713207612510326 135 0.35
0.587900553971094 136 0.35
0.648224731628598 137 0.35
0.572842575175826 138 0.35
0.533246386867152 139 0.35
0.547811529208327 140 0.35
0.587496518384291 141 0.35
0.611861511688985 142 0.35
0.674458265001601 143 0.35
0.666035260886076 144 0.35
