0.721000984953308 1 0.35
0.749264796259288 2 0.35
0.794693342439618 3 0.35
0.797732697172675 4 0.35
0.746830485590676 5 0.35
0.7626580290402 6 0.35
0.727115344233257 7 0.35
0.720604626745813 8 0.35
0.678461562481428 9 0.35
0.62082808801177 10 0.35
0.675347118553669 11 0.35
0.651996901111811 12 0.35
0.657135261591204 13 0.35
0.650783129618369 14 0.35
0.6225275004172 15 0.35
0.657075264049898 16 0.35
0.579757370075372 17 0.35
0.591549641480662 18 0.35
0.502958283883552 19 0.35
0.553322049870856 20 0.35
0.53742004337792 21 0.35
0.645865126457857 22 0.35
0.663997988607488 23 0.35
0.701422198319263 24 0.35
0.761782691926987 25 0.35
0.708678634950764 26 0.35
0.687068485109821 27 0.35
0.653034841430399 28 0.35
0.602297721743244 29 0.35
0.628999545773985 30 0.35
0.501866316983767 31 0.35
0.515460341165761 32 0.35
0.536024284576182 33 0.35
0.59622334249551 34 0.35
0.717242752796033 35 0.35
0.771602133228105 36 0.35
0.758771609619971 37 0.35
0.8183308027976 38 0.35
0.771235613305153 39 0.35
0.719691039254036 40 0.35
0.671282525541778 41 0.35
0.616591532259322 42 0.35
0.518226065673658 43 0.35
0.448220327885219 44 0.35
0.446971712098215 45 0.35
0.464261078121308 46 0.35
0.51738532002047 47 0.35
0.584572865922629 48 0.35
0.613299708645631 49 0.35
0.663384888512993 50 0.35
0.675089169404339 51 0.35
0.736775475306898 52 0.35
0.660057045636772 53 0.35
0.469303541541594 54 0.35
0.399108099446916 55 0.35
0.422084030954413 56 0.35
0.508217622451248 57 0.35
0.534762758859156 58 0.35
0.584879767792407 59 0.35
0.673541750518222 60 0.35
0.633716403826943 61 0.35
0.66106776604831 62 0.35
0.765321195101189 63 0.35
0.814283877453905 64 0.35
0.788390432660834 65 0.35
0.745004029368228 66 0.35
0.664480245934465 67 0.35
0.677792272472786 68 0.35
0.609867684753548 69 0.35
0.607891164681282 70 0.35
0.579527232066251 71 0.35
0.603911340284605 72 0.35
0.734903250638405 73 0.35
0.822043594308459 74 0.35
0.762130935734691 75 0.35
0.767183806824081 76 0.35
0.769570383448285 77 0.35
0.784305170360379 78 0.35
0.696852574014209 79 0.35
0.709771835346939 80 0.35
0.686662600289755 81 0.35
0.635738750452839 82 0.35
0.615498524947473 83 0.35
0.755168603231413 84 0.35
0.722061838707559 85 0.35
0.756725164373743 86 0.35
0.639239661766837 87 0.35
0.656477202704393 88 0.35
0.613339095555625 89 0.35
0.562193357090775 90 0.35
0.518058443367722 91 0.35
0.410790362154896 92 0.35
0.369670412110987 93 0.35
0.33259072668586 94 0.35
0.388241611717961 95 0.35
0.447226250942034 96 0.35
0.570229327447085 97 0.35
0.610226672746363 98 0.35
0.585583334933247 99 0.35
0.558561813023589 100 0.35
0.569747855964757 101 0.35
0.612648491736296 102 0.35
0.558313037902016 103 0.35
0.522224959198321 104 0.35
0.452744292839589 105 0.35
0.378979753000791 106 0.35
0.525960898614164 107 0.35
0.523365922340594 108 0.35
0.56132660538217 109 0.35
0.571058351070992 110 0.35
0.664287658514995 111 0.35
0.622726148534344 112 0.35
0.691764323093696 113 0.35
0.602093065607685 114 0.35
0.563439401144469 115 0.35
0.628304730132136 116 0.35
0.64922731642068 117 0.35
0.667875424589187 118 0.35
0.663551169952428 119 0.35
0.688764965716714 120 0.35
0.754919164671773 121 0.35
0.751244562848798 122 0.35
0.731016223680195 123 0.35
0.745147804213107 124 0.35
0.632477037978304 125 0.35
0.619500430559978 126 0.35
0.600253797572332 127 0.35
0.460969952005596 128 0.35
0.599341512027706 129 0.35
0.724627147485182 130 0.35
0.717881094087424 131 0.35
0.771562178206614 132 0.35
0.743712359220189 133 0.35
0.704130469689631 134 0.35
0.683357175297636 135 0.35
0.73758328962862 136 0.35
0.688299679614182 137 0.35
0.527376917729562 138 0.35
0.560091115863411 139 0.35
0.490118552235432 140 0.35
0.447953950848219 141 0.35
0.468593805844592 142 0.35
0.505147610124244 143 0.35
0.537116060186975 144 0.35
