0.73826988097154 1 0.35
0.717420106496892 2 0.35
0.669982608480184 3 0.35
0.822251504523454 4 0.35
0.680195994663708 5 0.35
0.622706734193106 6 0.35
0.560776560584941 7 0.35
0.496362683116748 8 0.35
0.473749194631285 9 0.35
0.477874626372968 10 0.35
0.478235327481654 11 0.35
0.554073606590294 12 0.35
0.578523153592412 13 0.35
0.588213876405323 14 0.35
0.615830682967511 15 0.35
0.56847043298335 16 0.35
0.493482287931014 17 0.35
0.568062932731445 18 0.35
0.512407190231335 19 0.35
0.505594025977637 20 0.35
0.450528966364257 21 0.35
0.519426240704023 22 0.35
0.591652513952481 23 0.35
0.744981906983551 24 0.35
0.728616324210689 25 0.35
0.677244932095569 26 0.35
0.718391167641533 27 0.35
0.729563063750481 28 0.35
0.789126094014088 29 0.35
0.784271538065012 30 0.35
0.640492556864764 31 0.35
0.617434931198283 32 0.35
0.605827635204403 33 0.35
0.618568422058112 34 0.35
0.631067351299235 35 0.35
0.676301227749871 36 0.35
0.720418899376039 37 0.35
0.71771285361329 38 0.35
0.776432790917398 39 0.35
0.775012060858042 40 0.35
0.802791246744345 41 0.35
0.770310713109213 42 0.35
0.646517992754282 43 0.35
0.72500510100176 44 0.35
0.679481126903899 45 0.35
0.644329821038308 46 0.35
0.688939434233716 47 0.35
0.719468804518037 48 0.35
0.671744632371986 49 0.35
0.661298661852215 50 0.35
0.656564628360454 51 0.35
0.679747944820059 52 0.35
0.672673620791532 53 0.35
0.679667000136282 54 0.35
0.678449127800238 55 0.35
0.540755357596727 56 0.35
0.566111147246371 57 0.35
0.619062815934365 58 0.35
0.641290761771762 59 0.35
0.642730500430783 60 0.35
0.659085332546124 61 0.35
0.667758699498963 62 0.35
0.722422125564971 63 0.35
0.674777229075345 64 0.35
0.645724600065537 65 0.35
0.725594196932079 66 0.35
0.745881141081367 67 0.35
0.624627165649349 68 0.35
0.602523634849437 69 0.35
0.557315479818466 70 0.35
0.633261149756544 71 0.35
0.53322046873449 72 0.35
0.563904840516372 73 0.35
0.567205929096094 74 0.35
0.591392262721881 75 0.35
0.618655396218392 76 0.35
0.553487295816084 77 0.35
0.562327795113005 78 0.35
0.649933751580898 79 0.35
0.578770045025375 80 0.35
0.608293358997932 81 0.35
0.499099370540971 82 0.35
0.566573458351028 83 0.35
0.537431801191578 84 0.35
0.642657230118802 85 0.35
0.716865970924866 86 0.35
0.714221746079072 87 0.35
0.54567959348442 88 0.35
0.453601991340278 89 0.35
0.376098467513785 90 0.35
0.341896987395218 91 0.35
0.369658406988041 92 0.35
0.560641694894678 93 0.35
0.58317786249798 94 0.35
0.551966299338946 95 0.35
0.506967107657807 96 0.35
0.555760672854344 97 0.35
0.610611217997066 98 0.35
0.601473318783421 99 0.35
0.577682849769568 100 0.35
0.535088129453917 101 0.35
0.469298480798275 102 0.35
0.479978798581137 103 0.35
0.332850552942614 104 0.35
0.292681632085232 105 0.35
0.368762974156202 106 0.35
0.424225656776442 107 0.35
0.497366424294995 108 0.35
0.553551806040033 109 0.35
0.598553890323309 110 0.35
0.652293907860338 111 0.35
0.693857441006218 112 0.35
0.72268941664723 113 0.35
0.638154671977135 114 0.35
0.587774839783955 115 0.35
0.572077770114415 116 0.35
0.478673124391434 117 0.35
0.501416510181829 118 0.35
0.54982388423375 119 0.35
0.660463541940053 120 0.35
0.739860745362944 121 0.35
0.70024248289415 122 0.35
0.768852866495504 123 0.35
0.73708311765329 124 0.35
0.686855743887464 125 0.35
0.597059848206919 126 0.35
0.461166131346982 127 0.35
0.516983424782913 128 0.35
0.468825865522165 129 0.35
0.521303040408226 130 0.35
0.517824525340383 131 0.35
0.644817711960433 132 0.35
0.697791608810936 133 0.35
0.643533880282244 134 0.35
0.73187346845015 135 0.35
0.703633548255961 136 0.35
0.634230432929272 137 0.35
0.578975435349941 138 0.35
0.499007282490323 139 0.35
0.462098663964133 140 0.35
0.450480888407001 141 0.35
0.487720320742665 142 0.35
0.494157962908154 143 0.35
0.523189712827157 144 0.35
