0.489396134992195 1 0.35
0.643622946078721 2 0.35
0.690098192658606 3 0.35
0.643292844045814 4 0.35
0.570532655136752 5 0.35
0.58478895109192 6 0.35
0.437435319931593 7 0.35
0.428134303932498 8 0.35
0.362458115708635 9 0.35
0.397514124654767 10 0.35
0.505282307925364 11 0.35
0.53623523563186 12 0.35
0.589768417927974 13 0.35
0.646998681708071 14 0.35
0.64200650242364 15 0.35
0.658641996748198 16 0.35
0.605759256140067 17 0.35
0.551282830493433 18 0.35
0.450709638964554 19 0.35
0.41335304490021 20 0.35
0.348670782871497 21 0.35
0.348811739962003 22 0.35
0.387297093769495 23 0.35
0.476198785265532 24 0.35
0.523868505340998 25 0.35
0.557526055670055 26 0.35
0.599906140585994 27 0.35
0.625942610335459 28 0.35
0.619125826463273 29 0.35
0.6487930008106 30 0.35
0.544230600836276 31 0.35
0.553777998404107 32 0.35
0.566179445659153 33 0.35
0.669969810016333 34 0.35
0.626234039095699 35 0.35
0.696257866099799 36 0.35
0.708928422432207 37 0.35
0.659444188891341 38 0.35
0.671008453764104 39 0.35
0.661486950073364 40 0.35
0.675062865085427 41 0.35
0.768981467858204 42 0.35
0.658550561882863 43 0.35
0.588224531812786 44 0.35
0.604347424586163 45 0.35
0.600053693333132 46 0.35
0.687810619981129 47 0.35
0.659257195275449 48 0.35
0.673682788394237 49 0.35
0.674499991488603 50 0.35
0.690606135891096 51 0.35
0.639916063785814 52 0.35
0.594710498059029 53 0.35
0.467604267754024 54 0.35
0.470209298419153 55 0.35
0.570049914983561 56 0.35
0.595262141961214 57 0.35
0.682928076230275 58 0.35
0.619041048799881 59 0.35
0.636439976923962 60 0.35
0.762876755125582 61 0.35
0.766699847766371 62 0.35
0.784543487413592 63 0.35
0.796170068671943 64 0.35
0.807038475678689 65 0.35
0.704281745997188 66 0.35
0.630514781074151 67 0.35
0.568187637046286 68 0.35
0.570914059510321 69 0.35
0.514479998534062 70 0.35
0.508835238646963 71 0.35
0.679649066061126 72 0.35
0.673456316918864 73 0.35
0.702807413562656 74 0.35
0.67999950292153 75 0.35
0.654422558179133 76 0.35
0.647110274492464 77 0.35
0.643481570380547 78 0.35
0.630035164501613 79 0.35
0.595760859401063 80 0.35
0.575323556940403 81 0.35
0.63645114969624 82 0.35
0.650183670598251 83 0.35
0.746076294810721 84 0.35
0.752031351715971 85 0.35
0.801621627020798 86 0.35
0.80169015552391 87 0.35
0.822370472266945 88 0.35
0.734787531962885 89 0.35
0.72819222686415 90 0.35
0.718332897799703 91 0.35
0.719410004759078 92 0.35
0.716912736341341 93 0.35
0.640738515861272 94 0.35
0.672983760321057 95 0.35
0.697256355308703 96 0.35
0.707624053777821 97 0.35
0.705606349732363 98 0.35
0.730805261489018 99 0.35
0.695506178526777 100 0.35
0.655266175670354 101 0.35
0.650683993182658 102 0.35
0.580713868801515 103 0.35
0.622101184958474 104 0.35
0.514455150619689 105 0.35
0.620389890730167 106 0.35
0.651353283470184 107 0.35
0.60624936722641 108 0.35
0.681606543028798 109 0.35
0.759297939964614 110 0.35
0.699081434568204 111 0.35
0.724248718331413 112 0.35
0.645944476391641 113 0.35
0.606376350307422 114 0.35
0.488659307707133 115 0.35
0.496876872004218 116 0.35
0.540189676091501 117 0.35
0.567737938436836 118 0.35
0.698830727226223 119 0.35
0.752203994471543 120 0.35
0.687276051272604 121 0.35
0.765512566918097 122 0.35
0.787650847541987 123 0.35
0.752582671548263 124 0.35
0.679027716024062 125 0.35
0.649150729330731 126 0.35
0.544638623065583 127 0.35
0.533951089724222 128 0.35
0.444688119856817 129 0.35
0.448543116107052 130 0.35
0.551177541001599 131 0.35
0.596022759912748 132 0.35
0.715313844597117 133 0.35
0.799882343803963 134 0.35
0.827641810431386 135 0.35
0.751630863402059 136 0.35
0.709322865143711 137 0.35
0.762716025405117 138 0.35
0.70694371073379 139 0.35
0.587244120679449 140 0.35
0.560016341895285 141 0.35
0.500689343781903 142 0.35
0.50678128137813 143 0.35
0.508608646119112 144 0.35
