0.645971829817415 1 0.35
0.666543212619382 2 0.35
0.690571468679326 3 0.35
0.648011359189528 4 0.35
0.595203575381839 5 0.35
0.556527595960117 6 0.35
0.638042797431771 7 0.35
0.696424755587156 8 0.35
0.657205628333796 9 0.35
0.68184854900998 10 0.35
0.611189643826381 11 0.35
0.647460959747123 12 0.35
0.594086597570395 13 0.35
0.642186824547742 14 0.35
0.639248614784525 15 0.35
0.691331015607561 16 0.35
0.648083658934975 17 0.35
0.548801793322697 18 0.35
0.496887667346295 19 0.35
0.484431224397333 20 0.35
0.401117515858386 21 0.35
0.412135396837039 22 0.35
0.490060624146964 23 0.35
0.516975983118437 24 0.35
0.536556778829342 25 0.35
0.60985449116601 26 0.35
0.628998137011174 27 0.35
0.568952928306165 28 0.35
0.492058620994179 29 0.35
0.495123552383909 30 0.35
0.432161109436131 31 0.35
0.425144487444426 32 0.35
0.401650344863814 33 0.35
0.372062440334685 34 0.35
0.491388676048321 35 0.35
0.529093238989083 36 0.35
0.536298523255425 37 0.35
0.594695124208256 38 0.35
0.59107935157159 39 0.35
0.532051162937224 40 0.35
0.569441725568909 41 0.35
0.525681060539379 42 0.35
0.503297139335848 43 0.35
0.483085273678973 44 0.35
0.524189301428495 45 0.35
0.521489070913345 46 0.35
0.63971391924409 47 0.35
0.677019706281671 48 0.35
0.685808352977847 49 0.35
0.609422432572958 50 0.35
0.640107378576914 51 0.35
0.642879676289296 52 0.35
0.630122297417639 53 0.35
0.585696238097702 54 0.35
0.463906783917721 55 0.35
0.487317788938671 56 0.35
0.3266160683321 57 0.35
0.353272538101407 58 0.35
0.404536251342457 59 0.35
0.479638633747268 60 0.35
0.504718453894472 61 0.35
0.570390560707706 62 0.35
0.542934968081206 63 0.35
0.559878757389449 64 0.35
0.501649140926525 65 0.35
0.530251464038908 66 0.35
0.518404584399527 67 0.35
0.520978386142563 68 0.35
0.441585295554692 69 0.35
0.482655852862675 70 0.35
0.485279933249188 71 0.35
0.618449352226457 72 0.35
0.717220225504387 73 0.35
0.707427090735585 74 0.35
0.651868133625392 75 0.35
0.674300256376163 76 0.35
0.675224148533049 77 0.35
0.504841193565916 78 0.35
0.481884655021358 79 0.35
0.492842109872928 80 0.35
0.52162677711738 81 0.35
0.594261602366016 82 0.35
0.615824544598831 83 0.35
0.651794069676568 84 0.35
0.801069922648196 85 0.35
0.718848786860254 86 0.35
0.799665796983613 87 0.35
0.751491541780006 88 0.35
0.770550185430108 89 0.35
0.724577595988946 90 0.35
0.692646779806304 91 0.35
0.630551717380843 92 0.35
0.47903050139012 93 0.35
0.563207556885235 94 0.35
0.512298025236448 95 0.35
0.541426641307843 96 0.35
0.556211159538046 97 0.35
0.555582985360974 98 0.35
0.651761265675233 99 0.35
0.554899023980016 100 0.35
0.564074453563863 101 0.35
0.602704991206982 102 0.35
0.590283052092527 103 0.35
0.52868554820612 104 0.35
0.476176236552842 105 0.35
0.544377702704242 106 0.35
0.61113505523501 107 0.35
0.527684830294739 108 0.35
0.634707997024648 109 0.35
0.632771630647479 110 0.35
0.586597786936012 111 0.35
0.53298576666099 112 0.35
0.522113916644021 113 0.35
0.427664456504961 114 0.35
0.425763727835548 115 0.35
0.432007026462593 116 0.35
0.425758510582259 117 0.35
0.487460783573297 118 0.35
0.5719773413254 119 0.35
0.622284274702094 120 0.35
0.655611861908219 121 0.35
0.722224444133075 122 0.35
0.724037042551513 123 0.35
0.69262524227772 124 0.35
0.680680570640079 125 0.35
0.677903781133449 126 0.35
0.583191575264442 127 0.35
0.563500841859762 128 0.35
0.578811530681563 129 0.35
0.518755243317487 130 0.35
0.636287470242647 131 0.35
0.715267759182515 132 0.35
0.748205850868911 133 0.35
0.779120330822887 134 0.35
0.771084267061087 135 0.35
0.786742994916737 136 0.35
0.725096626560956 137 0.35
0.711695103884564 138 0.35
0.73159937186132 139 0.35
0.563467625468487 140 0.35
0.577944793823238 141 0.35
0.641096366735924 142 0.35
0.649890143842892 143 0.35
0.633876527899243 144 0.35
