0.735088036408314 1 0.35
0.727391886949469 2 0.35
0.790180531810523 3 0.35
0.795466630783773 4 0.35
0.531896079246307 5 0.35
0.502896426388793 6 0.35
0.426172506115563 7 0.35
0.411614400718229 8 0.35
0.411753706953219 9 0.35
0.438193402995291 10 0.35
0.450364497179052 11 0.35
0.496787970467753 12 0.35
0.493314190298711 13 0.35
0.560893675122391 14 0.35
0.563153667975339 15 0.35
0.572501338117919 16 0.35
0.582591044575889 17 0.35
0.509526639164341 18 0.35
0.511075991989916 19 0.35
0.488981250216703 20 0.35
0.472409582490951 21 0.35
0.490727737240258 22 0.35
0.555298835642618 23 0.35
0.597534097834413 24 0.35
0.652217840373304 25 0.35
0.659771356729216 26 0.35
0.704776079736491 27 0.35
0.633199723069101 28 0.35
0.779966226989977 29 0.35
0.682892495895607 30 0.35
0.675793168790809 31 0.35
0.568317777245517 32 0.35
0.600759079028034 33 0.35
0.585978438283395 34 0.35
0.629297855338754 35 0.35
0.713869473787485 36 0.35
0.806687973490215 37 0.35
0.717571186211302 38 0.35
0.735513904662686 39 0.35
0.77334894332119 40 0.35
0.729728114396597 41 0.35
0.684167121582719 42 0.35
0.651269157756026 43 0.35
0.571822042408026 44 0.35
0.561272819521543 45 0.35
0.557282388128298 46 0.35
0.597649424494903 47 0.35
0.683414459554997 48 0.35
0.785796494857292 49 0.35
0.822215724387188 50 0.35
0.771344422217224 51 0.35
0.75861460475339 52 0.35
0.772909205655667 53 0.35
0.683423368873126 54 0.35
0.638122174578653 55 0.35
0.616778844563194 56 0.35
0.62093792174157 57 0.35
0.604699248418086 58 0.35
0.592082290364788 59 0.35
0.613024536880671 60 0.35
0.620954727748263 61 0.35
0.66263958550895 62 0.35
0.675142833559903 63 0.35
0.674754785374873 64 0.35
0.637426965789103 65 0.35
0.606151177005409 66 0.35
0.524562806240105 67 0.35
0.560351029392773 68 0.35
0.556246047359719 69 0.35
0.642229086008814 70 0.35
0.745221591434426 71 0.35
0.757918987845934 72 0.35
0.806662711465639 73 0.35
0.822163885828592 74 0.35
0.759630983739302 75 0.35
0.745169962109743 76 0.35
0.732777504108377 77 0.35
0.694509735310868 78 0.35
0.637749929743536 79 0.35
0.46176821030985 80 0.35
0.429787034485831 81 0.35
0.429835171504408 82 0.35
0.445384501478803 83 0.35
0.442718753127645 84 0.35
0.510663098550142 85 0.35
0.592922946726119 86 0.35
0.579591434672809 87 0.35
0.581815284086344 88 0.35
0.461898621025001 89 0.35
0.399129054930319 90 0.35
0.308713485644097 91 0.35
0.302938883024663 92 0.35
0.326658968820404 93 0.35
0.309257038821618 94 0.35
0.384011992453773 95 0.35
0.417400879379004 96 0.35
0.476787261653844 97 0.35
0.522429393429461 98 0.35
0.583936162201682 99 0.35
0.579958851566766 100 0.35
0.534111648910125 101 0.35
0.548857775110094 102 0.35
0.48511423624492 103 0.35
0.481888973206121 104 0.35
0.601458031551569 105 0.35
0.568181585265737 106 0.35
0.633051602256207 107 0.35
0.677278387619447 108 0.35
0.726142530369875 109 0.35
0.668111872602287 110 0.35
0.717387167102166 111 0.35
0.697600150271336 112 0.35
0.754843632445388 113 0.35
0.694316239890402 114 0.35
0.661999727831274 115 0.35
0.693535011630045 116 0.35
0.702785183935765 117 0.35
0.664486148912979 118 0.35
0.738598463978955 119 0.35
0.771521857688386 120 0.35
0.806717555968563 121 0.35
0.822152230751808 122 0.35
0.805148545326051 123 0.35
0.719531630731939 124 0.35
0.717130756158715 125 0.35
0.734637668147078 126 0.35
0.626014172157088 127 0.35
0.639805010159005 128 0.35
0.6224271201895 129 0.35
0.583571368474553 130 0.35
0.631820988448205 131 0.35
0.586158206414224 132 0.35
0.620680789611627 133 0.35
0.695513588569766 134 0.35
0.661579643817636 135 0.35
0.653873928744695 136 0.35
0.670198845671757 137 0.35
0.614193047438499 138 0.35
0.580043615713429 139 0.35
0.520912488595864 140 0.35
0.489030249329521 141 0.35
0.54804389033988 142 0.35
0.538458869659686 143 0.35
0.576504027781354 144 0.35
