0.587126361973882 1 0.35
0.683467800974896 2 0.35
0.631863924016966 3 0.35
0.65913649143523 4 0.35
0.635734465768439 5 0.35
0.666427129325636 6 0.35
0.60576292971961 7 0.35
0.522828950359158 8 0.35
0.546985571160059 9 0.35
0.583221210165722 10 0.35
0.613499320785067 11 0.35
0.665670410987893 12 0.35
0.70372424620794 13 0.35
0.676916123464169 14 0.35
0.673524049343271 15 0.35
0.703641747309978 16 0.35
0.687753693363126 17 0.35
0.498563225316873 18 0.35
0.46399913069659 19 0.35
0.450711268326412 20 0.35
0.371633912905018 21 0.35
0.443347866448455 22 0.35
0.526101937587542 23 0.35
0.574818327534118 24 0.35
0.700392267525424 25 0.35
0.753147499820449 26 0.35
0.761000785282311 27 0.35
0.695922408929426 28 0.35
0.664304450303664 29 0.35
0.62630595816546 30 0.35
0.531449412373281 31 0.35
0.63578547512986 32 0.35
0.569637164228302 33 0.35
0.477393621793158 34 0.35
0.536101196868736 35 0.35
0.563971769425533 36 0.35
0.606965516759535 37 0.35
0.641422693813826 38 0.35
0.655679231698366 39 0.35
0.651164968379779 40 0.35
0.663550866841558 41 0.35
0.717019049388064 42 0.35
0.592202772974472 43 0.35
0.439716658516019 44 0.35
0.429162360622427 45 0.35
0.441824444603383 46 0.35
0.48912196260057 47 0.35
0.547899617696228 48 0.35
0.602744913231841 49 0.35
0.702607851866612 50 0.35
0.723959610691334 51 0.35
0.702926931174496 52 0.35
0.757822640236525 53 0.35
0.718916769334828 54 0.35
0.536335424565199 55 0.35
0.495318021244022 56 0.35
0.515456833548426 57 0.35
0.52952342243287 58 0.35
0.621353960886691 59 0.35
0.711588633108764 60 0.35
0.701958353075588 61 0.35
0.735002819975206 62 0.35
0.827520718214843 63 0.35
0.66570602709722 64 0.35
0.6838922580752 65 0.35
0.704602282087226 66 0.35
0.661612669339132 67 0.35
0.715497678811987 68 0.35
0.568884660350461 69 0.35
0.65104178410084 70 0.35
0.681967130306412 71 0.35
0.671497688768863 72 0.35
0.689422514854968 73 0.35
0.698133347527407 74 0.35
0.769554654120043 75 0.35
0.721784067419239 76 0.35
0.714086888405201 77 0.35
0.645866878148645 78 0.35
0.58967861471502 79 0.35
0.543852617379276 80 0.35
0.490481283111447 81 0.35
0.447828613783907 82 0.35
0.445450682286683 83 0.35
0.498081044850127 84 0.35
0.577857339457661 85 0.35
0.650661626249073 86 0.35
0.702077299766549 87 0.35
0.648912947328069 88 0.35
0.679007448553216 89 0.35
0.628037431584505 90 0.35
0.601506068103058 91 0.35
0.630491636041367 92 0.35
0.574820949758023 93 0.35
0.55354120385757 94 0.35
0.588917931930469 95 0.35
0.67293495444917 96 0.35
0.650195527704237 97 0.35
0.630373094813954 98 0.35
0.666331217520042 99 0.35
0.725868270865956 100 0.35
0.733694372871776 101 0.35
0.750420702555863 102 0.35
0.710102873877448 103 0.35
0.590339197996436 104 0.35
0.565557278662471 105 0.35
0.606436663107698 106 0.35
0.610288593265077 107 0.35
0.556800745445353 108 0.35
0.556376731950493 109 0.35
0.649378395484636 110 0.35
0.655428736759574 111 0.35
0.66579388039773 112 0.35
0.65527320925536 113 0.35
0.668085795223162 114 0.35
0.665930996360867 115 0.35
0.581897688507599 116 0.35
0.461780552428564 117 0.35
0.558584971870804 118 0.35
0.58498804333221 119 0.35
0.586712208892628 120 0.35
0.690887665893488 121 0.35
0.728867721588041 122 0.35
0.784202265492214 123 0.35
0.754652326273619 124 0.35
0.657566977506369 125 0.35
0.689334489125774 126 0.35
0.624744417040326 127 0.35
0.54394670770582 128 0.35
0.601668072926714 129 0.35
0.637293011403636 130 0.35
0.687859618419662 131 0.35
0.767021329884189 132 0.35
0.756147405628178 133 0.35
0.769864769498192 134 0.35
0.794172368413538 135 0.35
0.822296138317289 136 0.35
0.792684506587705 137 0.35
0.719900281336118 138 0.35
0.663807247577422 139 0.35
0.560575784101788 140 0.35
0.539794211566365 141 0.35
0.630337917282089 142 0.35
0.630816144969255 143 0.35
0.558486813663015 144 0.35
