501 -593.438957011472
251 -800.804918782205
751 -536.070298394975
752 -716.883518215639
753 -986.524089668706
1 -445.784746631261
754 -543.111070456348
502 -627.927561737351
755 -563.080393682469
503 -526.825979733303
2 -752.437320940658
504 -655.84470658564
252 -549.568153957125
3 -671.83980252139
505 -579.641042094181
506 -594.910845222785
507 -666.205310878354
253 -555.652103557236
254 -996.31664615174
756 -474.212088903414
508 -646.695453824009
4 -479.940107112498
509 -1273.77125149053
5 -441.81450891756
255 -507.101402689614
6 -473.308506514059
256 -1027.95393230792
510 -529.952262553479
257 -636.320416973035
8 -524.408206388216
757 -469.936579030161
258 -468.722278554878
511 -578.616402933108
259 -474.960364542198
260 -473.80889546389
9 -429.420351238718
261 -532.603413006427
10 -831.540067380843
11 -505.064263833788
758 -499.698200222554
512 -500.495748752883
513 -568.765597520837
514 -514.04581206782
262 -487.753196082963
263 -937.488448542467
12 -461.771019544699
759 -514.671557851898
13 -498.462793629528
760 -560.706670199806
761 -356.171149917373
14 -686.670675037249
515 -870.892030079062
516 -559.807602556361
762 -548.624394717478
264 -535.003307291504
15 -529.077258690336
16 -641.071130061732
17 -476.464502881413
18 -405.032084970003
19 -698.273698489515
265 -543.357090919017
517 -524.604927427674
20 -575.225405398783
266 -503.668820556413
21 -1069.52590030573
22 -401.953415860135
267 -581.385280227664
763 -614.845790252616
23 -640.486832850229
268 -448.502573725307
24 -583.621217757013
764 -516.388244918176
269 -646.227977526337
765 -557.186526961573
270 -1023.68611624115
766 -353.208876774147
271 -674.720757388059
272 -491.59374513863
273 -547.277645154054
518 -460.082866084122
274 -576.031268778365
25 -478.561802580657
275 -1089.97480384687
276 -789.393102991198
26 -496.54941084043
519 -532.87564043103
27 -1058.69669093295
277 -693.509638857392
278 -417.372175348873
28 -576.386523960082
29 -737.971629035883
279 -682.429799368833
280 -444.503376058947
281 -924.995617893387
767 -432.29320941407
520 -541.84021247039
521 -662.429318197155
522 -736.780958348504
30 -578.03528694933
31 -808.642602123655
768 -755.073594675082
282 -591.540005444813
32 -966.212934272903
769 -775.777435748637
33 -677.332290067056
283 -531.873466997013
284 -653.953150759889
523 -424.446985007876
285 -1405.82405431644
34 -501.124419884036
286 -719.049891600321
35 -454.845556461692
770 -405.647376240381
524 -583.841125489926
771 -671.97801911334
287 -570.929122943653
288 -493.724045810495
772 -815.363389975232
773 -547.068912197801
289 -617.331244470165
525 -463.011231772725
526 -633.29127337397
36 -429.547202699609
527 -766.825588442543
528 -478.045350291723
529 -587.631034278502
774 -597.379841892121
37 -612.83338934004
775 -522.970091651587
776 -689.914753507992
290 -511.596332046338
38 -513.947175662111
777 -637.992361745887
39 -358.177301947649
778 -809.607371792254
530 -606.683937363073
291 -501.807083466588
531 -1051.60349447431
779 -488.62102089231
292 -437.574515174788
532 -518.512860097076
533 -570.95454185685
534 -436.422649116253
535 -752.207026991414
40 -461.968967698567
780 -633.326186118666
536 -929.663750071086
781 -750.798776195438
537 -517.356343635811
782 -2595.89204917177
538 -652.422416557386
783 -598.7658206692
784 -403.374817750546
539 -498.813922206409
41 -440.641800651065
785 -723.191967594516
42 -539.264670237571
540 -592.165282071733
293 -551.724005759979
541 -1033.65331604266
542 -588.360792491471
294 -507.682056010594
295 -510.768728197775
43 -446.996960533852
44 -608.153831734626
786 -478.153266016079
296 -683.25998478258
787 -824.995774351578
297 -709.889949931153
788 -609.11778547279
298 -765.559174055852
543 -441.630788273528
299 -484.764125502579
544 -640.969364397392
300 -651.64334968415
545 -1253.63776538734
789 -579.409769258632
45 -524.796932808158
46 -469.301595870775
546 -502.794246344251
47 -744.051650400479
790 -434.059990411129
547 -733.622516357002
791 -639.96510408515
48 -599.439721995054
49 -554.834287179062
301 -500.874577980426
548 -504.380944178706
549 -406.923900499123
302 -506.11923987276
550 -499.480683160414
303 -645.061966267235
792 -588.112384320993
551 -566.049154222981
304 -496.341606591955
793 -977.879921578051
305 -1155.78046118969
552 -424.910821209323
306 -453.174457575756
794 -757.262939146131
50 -589.165096641864
553 -570.878552679233
795 -413.472297012163
554 -360.54062151436
796 -493.430527342298
51 -631.33587391917
307 -501.415050933929
308 -559.640697119335
555 -542.388901649815
309 -804.56545946106
556 -482.491892796588
52 -723.646908106446
310 -609.715267628985
797 -598.199232420882
798 -666.99710179563
53 -1146.0761450337
54 -723.188329473601
557 -528.580335995343
558 -296.929893920606
55 -606.920801985211
559 -485.623686273584
560 -605.698338731031
311 -437.168978493219
561 -791.481016833018
562 -678.040563343529
799 -507.272674468595
563 -736.877360793642
56 -629.846572607562
312 -464.695644026847
800 -592.277045413425
564 -685.360033472193
565 -958.992696808991
57 -942.972615916915
566 -493.352923072621
58 -618.550498927561
567 -457.860245596464
313 -836.957548202122
568 -514.139129549562
569 -2104.58832225413
570 -851.207334299886
314 -598.423330302467
315 -592.336845272712
801 -497.846871951424
316 -390.875577778615
802 -1024.87109898419
59 -507.946028584172
317 -551.769358793308
803 -696.607006744898
60 -551.880072137578
318 -524.95121305185
61 -545.256195266575
571 -446.298247183563
319 -792.450350274976
572 -563.226959698682
573 -455.506505701919
804 -479.241568569932
62 -494.95704330127
574 -851.012047363042
320 -497.483905604668
321 -736.217122785376
805 -450.57462078546
575 -724.246549715701
576 -1001.17321697724
63 -507.47572987575
64 -766.844827197133
322 -599.544397147156
65 -461.287804405686
806 -472.000050514509
323 -612.464556340342
324 -525.060297199786
577 -460.976174352368
578 -572.577267149654
807 -536.381882128012
808 -924.755691684709
66 -549.25136835493
579 -603.159249699559
809 -452.021365163091
810 -661.717776708315
580 -577.630263265405
325 -474.582186868133
581 -660.753619669663
326 -766.741290192385
811 -493.090296828314
327 -624.223452362571
812 -601.104978940725
582 -752.750555037096
67 -473.466827912716
813 -489.627318017938
328 -578.424350308637
583 -422.86221797383
68 -629.824647589317
329 -512.940851002952
584 -517.959065568618
69 -571.162236525424
585 -516.936996632467
330 -574.670080695228
70 -674.665659886386
71 -830.393230117465
72 -653.411139111881
331 -426.874997316418
73 -700.18445906328
74 -600.804019626366
814 -630.947138546389
75 -951.201963914627
815 -768.140833699249
76 -599.075827622642
586 -655.517528507232
816 -559.426906491467
587 -578.706097243753
588 -1301.43285970519
332 -589.917710186683
589 -479.204310636305
590 -535.582715286864
333 -528.623009373064
77 -469.9060679485
334 -723.7620665137
817 -567.05870757412
335 -472.927999553008
818 -584.09801657433
336 -516.788695591686
78 -473.341605555788
591 -613.293245436353
79 -460.906568108044
80 -495.350137796891
81 -432.274657597986
82 -713.702571900399
819 -576.316241478025
820 -636.147550068245
821 -828.860949255272
337 -490.303315032747
338 -723.679142581091
592 -462.266013798285
822 -495.603074000428
823 -757.25631467094
339 -484.065160321734
593 -724.731004211776
340 -628.704197410457
594 -514.432893680805
341 -685.028798983467
342 -1295.61039346981
595 -445.311463806775
343 -471.243176036751
596 -711.275234138498
344 -530.480388150067
83 -487.552875824804
824 -449.288912598433
345 -466.815642653273
825 -437.158973262797
826 -687.36928135138
346 -542.212952083787
597 -461.763524626235
347 -574.193713788418
84 -486.584030909398
348 -498.094258517767
85 -597.546296646101
827 -557.933037782732
828 -567.692807834419
829 -428.348763875874
349 -482.938295149893
830 -658.711803296796
350 -442.247105880256
351 -730.262439631701
352 -578.904763358423
598 -416.148356933377
86 -517.407117897051
87 -419.358046571006
353 -539.121030712408
599 -650.249809595493
88 -657.717379709766
600 -463.341398230455
89 -750.109810752519
601 -907.07297962922
354 -1461.7942431272
355 -1484.56094170513
602 -919.312530939465
603 -536.247356734521
90 -630.949963316141
604 -507.365549623273
91 -842.629483408075
605 -481.16875177584
606 -492.452416523292
831 -465.775416586212
832 -763.490732296646
607 -646.060624859501
833 -540.215700851832
608 -632.077401576225
834 -677.075595717724
609 -659.307597231873
356 -477.746740656926
610 -521.692136544516
611 -519.401554598176
835 -650.417685193361
357 -603.474067197851
92 -439.382698019131
612 -450.010763557884
358 -515.591983926811
93 -459.023343864828
836 -477.007937959684
94 -612.140488158275
837 -906.535682162257
95 -465.087417978793
613 -562.401993960293
838 -590.008325872304
839 -471.789827230396
96 -531.806781673083
97 -596.886900169125
614 -499.804557918537
98 -740.087377863574
840 -500.838108102641
615 -790.027694037576
359 -511.246297790535
616 -573.449526001468
360 -754.338860161852
361 -745.422781193383
99 -487.600166053426
362 -753.718672484638
363 -489.096019492763
841 -623.221986344902
617 -489.543730964215
364 -907.108277559132
618 -1628.41651157208
619 -542.796732773354
100 -494.788513307753
620 -629.862508105816
621 -707.80217519939
622 -573.880881105993
842 -590.56723475237
365 -796.121136730221
843 -432.766741724322
623 -538.914766536891
624 -1034.42303829127
625 -419.300612861662
844 -656.916128193075
845 -830.763001744117
101 -452.697799758539
102 -709.254978758622
366 -801.176418114835
846 -879.390769853217
847 -699.256872664478
367 -455.682375616107
103 -1131.38410564773
848 -750.242212951946
104 -537.617733073148
849 -438.438881744219
105 -1277.75256679286
626 -543.522182610445
850 -785.713578778768
851 -2017.03062568015
627 -569.983676939501
852 -1024.00415011061
628 -586.771845306089
853 -433.573463652692
368 -486.795385967298
629 -659.505999053067
854 -439.819412775933
630 -505.214890225147
855 -543.143047650574
106 -478.684572641441
369 -490.068490847761
631 -921.091756069359
107 -477.982771315055
632 -631.283976289865
108 -467.760799537587
633 -574.749925903006
634 -318.433150908959
109 -579.692987884073
370 -1035.08352302839
371 -611.338974039199
372 -494.613020023849
635 -714.602454493729
110 -605.935786893497
856 -537.257369970234
373 -526.229634402853
636 -574.579975278766
111 -1148.8780106248
112 -489.843900552955
857 -762.234516798799
113 -611.337221016583
114 -697.429633390811
858 -514.362002405733
859 -704.725778803095
374 -702.310872483736
375 -806.431360629745
115 -801.842313180146
860 -705.648360778355
116 -1030.03783961242
637 -581.948540656185
861 -462.220120695633
117 -513.4590197855
862 -471.717374608716
118 -499.644852737902
638 -827.538919622839
119 -445.785998849146
376 -543.529386391128
120 -556.721227411572
863 -531.067730108248
864 -510.418866426221
121 -870.18446659215
865 -305.335494687142
122 -560.373463343922
866 -453.134104219544
867 -425.963449558253
639 -573.42611519573
868 -567.575001653609
377 -543.134816574309
640 -880.012761271587
641 -409.881565289538
869 -532.878388426639
123 -621.174419862314
378 -985.665732173402
124 -583.327595848004
642 -491.274312253154
643 -1059.94594255776
379 -491.251911114432
644 -707.551568879694
125 -524.846356555031
380 -576.227867099988
645 -655.106373223191
381 -394.090245507073
382 -559.592755891458
646 -979.981362128513
383 -414.566024360852
870 -482.054020096712
384 -1109.14546372953
871 -542.505635110047
385 -589.888266148364
386 -840.937767250693
872 -869.364464776368
126 -653.073959000494
873 -943.271892722919
647 -758.159617653575
874 -803.816849455075
875 -547.323209602268
648 -615.925241376658
649 -675.818318839561
876 -615.037786289463
650 -585.503751068472
877 -993.182082368094
387 -558.787670527749
651 -825.054852285234
127 -453.059671045253
652 -824.169220365434
388 -529.300569766633
389 -608.583895143511
390 -730.58875440779
391 -543.466871924636
128 -510.270155828607
653 -438.748265494837
654 -796.378696080069
129 -716.311427041205
655 -673.421548654574
878 -500.622005475293
130 -509.29606815231
879 -483.483303000298
656 -681.73156195428
131 -787.506216965994
657 -703.056073021457
392 -857.078759409546
132 -526.051975683117
658 -484.775633438517
393 -461.219176031591
133 -1445.93161176232
394 -701.519856768584
659 -743.751236441881
395 -463.575952650785
880 -563.977706320884
396 -835.57402194856
881 -2229.80235140113
397 -528.191589367566
660 -642.179329659598
882 -561.119754493689
883 -1032.87186840362
661 -645.039646087753
398 -654.435681781251
884 -721.5150935167
662 -548.215167867738
399 -697.424150857273
663 -638.726241213305
885 -583.753698961686
134 -829.979466061559
400 -462.103803315017
401 -586.912488998337
664 -550.411404731221
402 -551.68283725493
403 -383.141815987642
135 -499.242208050532
136 -498.768084085555
886 -549.082470911344
404 -498.29639860377
137 -854.944710752648
405 -895.121059215853
138 -575.690969370157
665 -454.946040264304
406 -486.986207782536
407 -623.641276945364
408 -564.215447099059
139 -634.63175411016
666 -602.582447044142
409 -729.948129830404
140 -1751.77234505952
667 -559.293150104168
141 -1857.15053368085
410 -743.736498449721
668 -995.714228537281
887 -493.952386356966
669 -1129.81790316269
670 -359.165099197867
671 -494.91786764122
142 -449.611813245099
888 -716.116112776888
143 -435.556233497891
411 -553.448520690836
144 -689.142508164764
412 -702.554319659043
889 -590.103976733758
413 -454.671842518906
145 -604.798700948095
672 -576.106856669867
890 -568.962277441187
146 -548.593177654766
891 -617.465379747273
147 -590.953545369644
148 -419.049656116499
149 -866.298847739699
892 -651.829107852109
673 -541.221129751079
414 -529.787117784508
674 -435.771423099141
893 -605.042885212015
415 -670.62466320067
894 -733.68397148954
675 -715.402281244337
150 -506.042624479619
151 -744.116940197159
152 -632.985661923158
153 -1341.60764953606
416 -561.727117272426
154 -497.319422478881
895 -474.392466443874
155 -698.905819099593
417 -480.9429975694
896 -763.91645569629
156 -558.262317127856
157 -671.885473536804
676 -507.373533636724
677 -528.801739015705
678 -451.962360713765
897 -452.846331185697
679 -439.839372006645
418 -420.996001267326
158 -526.857270017445
898 -507.855588310235
159 -386.484634958606
419 -590.150978581505
899 -517.822436293613
160 -433.484577825993
680 -613.236921310545
681 -534.393596517191
161 -537.485674215077
420 -588.827781314194
162 -855.336583114763
900 -681.937738711724
421 -403.052617286903
163 -1064.78109385932
901 -454.028596649891
164 -717.131135345994
902 -525.025470153651
165 -1443.12037245697
166 -812.328822206609
682 -546.565938975618
683 -522.849409449577
684 -512.984198721256
903 -524.281507921387
167 -463.995762075342
685 -472.589947861479
686 -533.573730798764
422 -458.992733911145
423 -507.031750160536
687 -615.426263991026
688 -638.097424030093
904 -478.02297608257
424 -394.127415304979
168 -751.690353155254
905 -474.041558547356
169 -623.234366827319
906 -521.376263506568
170 -747.29994977929
907 -975.211609016924
171 -564.373485929082
908 -560.474664254684
689 -559.278880928105
172 -515.319597482744
425 -837.803150844252
909 -833.63868577635
426 -1823.97502601361
427 -562.877223714509
173 -562.695432321902
174 -497.162654582439
690 -403.278274148988
691 -1480.45974101763
175 -581.217228756259
692 -752.724034057906
428 -538.610524017713
176 -670.248848400945
177 -734.711793015208
429 -584.639955107491
430 -500.988318279383
910 -423.881133954751
911 -846.976264980981
431 -733.288108420993
693 -760.409648137284
912 -547.018606795291
694 -1153.83100177269
913 -1187.84558907237
914 -620.389135704613
695 -881.954015213182
432 -485.031933692426
915 -624.660938299826
696 -537.268325771834
433 -491.527606129694
916 -603.064617465066
697 -765.149421624756
178 -522.333590609492
917 -830.228190068283
698 -3154.71803688183
699 -494.583866043286
918 -532.821450477172
700 -553.469869785772
179 -502.796685722728
919 -708.764623126967
180 -470.892882816543
920 -732.13311630127
434 -483.342744416859
435 -465.823382612029
181 -595.280755149474
182 -606.32589033105
436 -528.563981944785
701 -592.181538067393
183 -887.031132350558
184 -683.720163337398
702 -547.967501944413
921 -500.06617519216
437 -962.767665939168
703 -602.677895827242
922 -1713.51126085995
704 -721.426961320049
923 -723.922464459292
705 -1494.5416368306
438 -593.046025954891
924 -694.148882843137
706 -512.948611131492
925 -629.380441594662
926 -1351.26845067646
707 -910.765526882074
708 -724.455983956318
927 -466.751491018158
185 -487.132924078537
709 -668.913025279494
928 -516.578646838184
186 -572.413987029563
439 -494.311083926391
929 -510.398421511127
440 -638.027938748564
710 -478.938539615115
930 -582.51465324588
441 -668.723742606403
931 -492.331451852124
442 -465.171966538946
187 -496.242143157133
188 -2158.07285506742
189 -965.886302140007
190 -716.027645133011
711 -513.117596526058
443 -520.035330680457
712 -506.998463052355
932 -564.937988016823
933 -685.631322355107
934 -942.606858160389
191 -492.834965868383
713 -574.62295978894
935 -1027.95744470541
444 -457.395776507497
936 -510.042021659274
937 -618.949096178767
714 -477.173691763255
938 -587.398282888785
939 -662.97015862915
940 -581.506628336115
715 -902.435330928597
716 -641.183402471768
941 -601.430837676276
445 -536.996431250714
942 -416.590863565602
943 -611.517061543054
944 -502.169518341589
945 -1466.64052591916
717 -550.737416517677
718 -439.263779682619
192 -447.147423727756
719 -543.406993614326
446 -552.935147666744
946 -491.096137182012
720 -559.452121855486
447 -593.744492960013
193 -524.198008235999
947 -526.827502568494
721 -1728.56227268881
194 -599.676227849955
722 -548.41170616271
948 -1023.94377218218
195 -822.987057418345
949 -519.475084487908
196 -488.168608100636
950 -690.393559054314
197 -720.106098725637
951 -722.474013898022
198 -690.457424333601
199 -618.009373319239
200 -554.346545484918
448 -530.245656534589
449 -750.690344091254
201 -535.258032840602
202 -640.292265600806
952 -700.654802265888
723 -466.867005513905
953 -792.450102125031
450 -565.295072377126
451 -684.374932490073
724 -681.52048389436
203 -515.094259384341
725 -740.187252603164
204 -487.446606371122
452 -532.847228143396
453 -527.072449671095
454 -660.108260618131
954 -519.522962875385
205 -1131.04936612984
726 -672.699499205009
727 -578.771251610988
728 -514.430010483125
206 -557.658089320512
729 -701.586703740986
207 -564.79752298344
730 -601.551632200881
955 -620.837680116892
208 -466.69468970606
956 -442.853253034059
209 -604.892186828465
957 -844.683217579245
210 -1119.79713952337
455 -688.198835703702
211 -435.669842346442
958 -468.59228092444
731 -659.111360043596
456 -567.343805435883
457 -518.647346368084
732 -1246.54633364685
959 -981.607298527365
733 -636.82625744832
734 -631.997448806487
212 -550.5188927728
960 -796.042469232816
458 -719.550666119062
213 -485.836531872508
214 -383.99152631996
735 -748.679738023839
215 -510.632834249236
736 -582.5465901097
216 -551.185961171541
737 -529.605997442673
738 -370.893586165266
961 -530.242331961972
217 -437.648193937434
739 -370.522800380968
459 -460.651759183861
740 -472.005357494254
218 -521.854794101273
460 -560.509103287643
741 -575.996911578613
461 -566.676285686185
742 -653.1095916813
962 -984.857315401655
743 -954.293324582522
462 -923.539442709398
963 -517.142608700283
463 -796.704679565607
744 -803.426461750689
219 -517.353651616759
745 -465.444396780867
464 -592.606592704215
746 -502.210396405189
465 -1013.31209985744
747 -542.439185267085
466 -951.946082935251
748 -924.137796786795
467 -743.162132962993
749 -580.031643224288
468 -480.844365881694
750 -394.527317112647
964 -536.108352477527
965 -478.080515321722
220 -546.338327978901
966 -512.355041834667
221 -1195.63151213953
222 -480.68001696322
967 -947.442282779321
968 -652.775225020719
469 -504.950510233471
969 -456.501182483748
970 -649.205029731093
971 -977.225784026814
470 -597.847648514005
471 -533.588009361097
472 -704.387617375346
473 -545.252765419946
474 -678.682982425016
972 -555.876090402307
475 -835.800567358547
476 -1592.0605216877
223 -478.222253917693
973 -637.168894783713
224 -436.312530865735
225 -717.250918427226
226 -736.507391664531
974 -613.914043412933
975 -456.614343704587
477 -546.199948885828
976 -821.184139979891
478 -509.545125126465
479 -632.505406585437
977 -688.471235179122
978 -937.391037737711
227 -507.621370729794
979 -1036.32426329625
980 -513.708043740735
228 -534.053666619627
981 -440.352824242041
480 -471.002758047234
982 -531.856295708621
229 -622.609865565948
983 -418.546572106493
230 -437.207623505742
231 -489.005550832644
232 -623.405187340609
481 -504.463390043952
233 -663.049609499922
234 -476.824588986346
235 -985.713382860354
984 -628.15700499641
236 -533.520537103982
985 -775.502021696184
237 -837.766694473885
482 -494.166685172104
483 -705.291935204855
238 -1234.6247311541
484 -487.209771193875
239 -1037.32352572194
240 -476.62442538865
485 -653.967810265499
986 -495.653796434681
987 -519.040403801796
988 -660.612814016304
989 -634.047133310389
486 -473.413763202757
241 -470.341385280904
990 -526.01702665811
242 -545.752031612778
991 -600.140957502049
992 -1044.01720754055
993 -707.175016515293
487 -563.158835291233
243 -494.780098975411
244 -726.216677875868
488 -634.294424358472
245 -893.544438298477
994 -627.437271432996
489 -646.611107271156
246 -676.676584262736
247 -993.093906032527
490 -441.782244422484
248 -896.476891270481
249 -777.314917257854
995 -539.221568487847
250 -563.95928733366
491 -583.031842197101
492 -486.872209009448
493 -684.000988982802
494 -541.187525868736
996 -633.677889780415
997 -582.099627607136
998 -576.129856625585
999 -933.693552894965
495 -627.571363651214
1000 -684.242923938427
496 -504.346728348537
497 -802.272338532362
498 -855.863328624196
499 -463.422385990953
500 -589.278652796565
