1 -463.018320523645
1 -408.595191359495
1 -448.051441900077
1 -443.006217352604
1 -451.665163893722
1 -458.836624723347
1 -538.793718305897
1 -459.849442336235
1 -429.646453575572
1 -468.397896241868
1 -422.482228771059
1 -467.248298264167
1 -465.415979867601
1 -434.630356252796
1 -529.097068579176
1 -452.68613085625
1 -518.35427902347
1 -524.065595882917
1 -454.305159742319
1 -463.948524874525
1 -489.804922239045
1 -512.352614677525
1 -482.57254534434
1 -560.616693590532
1 -449.04648802202
1 -492.201611891119
1 -524.284624908944
1 -565.870680631519
1 -485.320078418283
1 -458.124758765166
1 -446.559677719449
1 -502.420290970917
1 -517.880242938418
1 -441.635874423696
1 -558.352335978896
1 -509.051523096105
1 -533.071342097458
1 -449.006594656964
1 -429.694980937256
1 -592.348665506393
1 -448.516633333895
1 -466.302256342033
1 -530.07555263207
1 -460.096679361754
1 -466.926837269455
1 -456.951894811652
1 -517.859050702896
1 -467.44543945465
1 -476.68981037674
1 -441.265144665692
1 -473.053221703879
1 -467.224295022106
1 -448.033302312467
1 -472.767031091337
1 -486.592145094278
1 -450.622789990973
1 -478.766603009717
1 -462.829047535251
1 -437.437938067831
1 -545.463443614835
1 -432.451528553202
1 -480.463851189938
1 -546.940724071021
1 -463.038047904263
1 -455.11937138798
1 -419.035959254188
1 -496.505212545628
1 -465.50245461674
1 -500.377429098364
1 -485.694185364594
1 -519.744287664992
1 -494.682955576309
1 -467.602069313955
1 -542.425805818425
1 -448.54328357502
1 -449.157802421496
1 -486.828762959135
1 -454.74481046881
1 -541.279246121462
1 -461.397236996675
1 -444.059859674439
1 -449.246593127839
1 -472.323644075345
1 -437.014098942257
1 -452.460050702541
1 -467.030310140615
1 -511.75711057283
1 -426.241474627886
1 -433.00242586497
1 -471.498091123124
1 -458.131900330727
1 -463.694179629215
1 -451.746104317863
1 -463.802513813505
1 -485.407402848637
1 -449.059648275352
1 -480.055141103719
1 -448.973124569818
1 -419.755516588793
1 -500.197552334214
1 -422.04823147074
1 -498.576937843609
1 -522.574688254451
1 -450.75534416128
1 -512.392490435332
1 -427.104551540936
1 -597.94439367522
1 -504.877404004844
1 -457.081517438951
1 -559.879771451222
1 -434.846604662198
1 -469.563255848016
1 -568.158694818521
1 -485.750148172315
1 -488.959690201796
1 -426.979269533945
1 -434.216845903279
1 -463.336995352392
1 -478.123813557829
1 -476.677660614655
1 -436.640342094563
1 -567.357117660094
1 -444.059374522965
1 -435.559408472841
1 -453.642730796844
1 -458.307511856049
1 -505.510450942381
1 -432.318720164915
1 -554.87793058262
1 -514.949264520226
1 -494.567812218349
1 -446.595678283757
1 -468.696900668419
1 -451.49444901682
1 -459.596862839362
1 -424.971292787291
1 -459.279267488455
1 -517.273205467461
1 -455.863685090208
1 -470.773798120661
1 -457.250235470497
1 -421.671653043632
1 -450.283114012962
1 -434.685168904991
1 -488.873857221961
1 -553.249030900815
1 -444.488152396616
1 -509.03530511448
1 -455.862709209498
1 -514.453862706432
1 -392.181443046979
1 -482.678773749967
1 -489.483709429805
1 -455.922165507161
1 -516.073749864177
1 -449.616184006629
1 -476.655493947931
1 -526.6019703285
1 -474.915625261474
1 -461.472186287892
1 -472.070771699862
1 -501.88453227662
1 -505.466882792405
1 -484.877955216234
1 -487.790339221306
1 -443.954987460415
1 -469.628608925632
1 -483.41735773505
1 -478.161216186379
1 -465.255032608525
1 -453.744391336386
1 -483.344162425681
1 -579.257204641692
1 -474.041138765813
1 -432.131366736144
1 -540.439488297295
1 -463.945764124674
1 -489.605331566167
1 -413.672862130454
1 -467.704003895619
1 -437.120092534826
1 -491.884835952305
1 -506.926662140472
1 -456.365807337988
1 -459.22050946956
1 -468.170477191165
1 -450.927948584479
1 -461.690038363827
1 -441.075803259139
1 -552.723829251534
1 -463.405291796448
1 -702.302874330485
1 -442.400857707526
1 -437.12907901039
1 -415.841247644266
1 -415.021810425742
1 -495.335121698304
1 -446.555710340135
1 -542.510411207786
1 -472.138443761594
1 -457.585702989149
1 -475.591581540868
1 -462.256729264254
1 -445.294064029156
1 -537.570026942547
1 -513.445453080408
1 -510.661352748798
1 -415.955558636938
1 -438.904017414643
1 -454.61146066117
1 -493.772127924785
1 -456.032077032376
1 -459.482227185504
1 -476.547335480859
1 -442.454185147767
1 -487.25434961483
1 -506.466338414668
1 -447.885070464338
1 -560.172032038508
1 -437.833843463409
1 -526.27642210723
1 -422.963338237992
1 -420.39198066135
1 -536.336314326036
1 -438.106124306614
1 -500.401074404522
1 -496.159446726097
1 -497.468738082318
1 -477.342852832408
1 -538.426270203729
1 -469.659846849879
1 -437.811685692679
1 -474.37838953357
1 -643.35865760512
1 -460.85434770049
1 -628.98762465835
1 -471.18910906363
1 -487.498731509106
1 -472.19918026542
1 -431.062542290306
1 -487.463988882553
1 -524.39615696187
1 -480.40833010532
1 -420.031249809938
1 -509.428072170692
1 -449.289620874538
1 -499.493285566643
1 -478.979815397906
1 -454.210208772565
1 -422.446620447658
1 -583.134171627364
1 -447.163168864506
1 -625.233541946102
1 -480.597827532847
1 -563.05740501017
1 -454.691389094819
1 -489.917153558395
1 -436.070355689822
1 -597.111670742834
1 -515.740878270776
1 -476.542644548772
1 -434.209268902919
1 -475.833549423044
1 -508.750096358312
1 -493.530265856634
1 -471.285090704043
1 -441.648576376963
1 -502.770729880808
1 -469.508682861886
1 -432.510666612984
1 -603.806241883831
1 -544.914515110406
1 -456.702800711639
1 -478.82322218129
1 -481.682625817825
1 -449.997473083386
1 -443.243539400839
1 -464.94840408684
1 -504.947394666999
1 -506.086125156457
1 -474.78272730217
1 -452.525705867401
1 -478.401714140375
1 -469.566407502953
1 -473.108203635775
1 -465.03369139117
1 -626.389581128706
1 -471.681094964538
1 -493.544815967084
1 -485.346002520259
1 -464.587406540318
1 -477.044117062064
1 -431.87507388609
1 -472.020837989362
1 -471.97727772641
1 -617.494825519316
1 -432.576964854547
1 -458.058773460834
1 -543.360164066087
1 -464.09931595548
1 -467.314378518324
1 -502.883839750723
1 -599.906850396792
1 -427.806259942543
1 -592.693931636745
1 -591.928457104984
1 -547.192845658628
1 -464.406711557785
1 -526.643103285096
1 -515.779057984389
1 -484.776158288014
1 -455.927347196905
1 -479.075552249242
1 -567.041969802062
1 -462.284384120437
1 -461.676205176786
1 -460.684601762296
1 -551.45072327889
1 -580.624756473469
1 -555.200300809133
1 -452.026222369284
1 -450.194726056452
1 -503.736701368496
1 -535.987345365641
1 -450.619209566128
1 -601.914205994092
1 -441.215072399359
1 -447.076859899198
1 -442.050476074485
1 -451.9403462524
1 -433.929077246376
1 -462.569649897659
1 -424.606444141773
1 -495.813782592336
1 -467.822469843782
1 -480.60760342139
1 -548.015817827263
1 -464.463845624152
1 -505.891343664189
1 -535.728637061084
1 -456.381748008994
1 -487.992830898065
1 -457.494967449179
1 -447.440655626963
1 -458.787081839773
1 -480.388118084818
1 -432.466870861958
1 -533.627702026251
1 -643.312478864289
1 -453.60132479999
1 -449.338658256693
1 -580.388749128247
1 -418.844908992355
1 -494.251463358353
1 -474.935675100596
1 -434.272745565067
1 -433.602174965131
1 -512.028614693349
1 -448.950874456955
1 -454.643862489945
1 -452.789469022719
1 -479.059179426145
1 -669.798229239404
1 -451.484174490702
1 -431.775882532293
1 -476.498022763394
1 -477.765573414501
1 -420.332680079127
1 -494.944967314837
1 -428.655677197298
1 -436.814478220526
1 -488.658687146426
1 -496.052064974606
1 -519.336023309336
1 -432.353760942306
1 -458.257299214893
1 -459.042005203969
1 -432.785789293177
1 -484.076953469526
1 -497.487620762627
1 -507.491633186419
1 -459.379809640836
1 -453.606617682567
1 -472.740756706003
1 -537.485457385856
1 -507.975869041388
1 -429.207628812378
1 -449.363089330745
1 -480.94312018776
1 -502.759821458199
1 -449.650740939944
1 -441.779847669466
1 -442.901214327662
1 -480.51600904131
1 -454.182344064691
1 -465.025991665868
1 -462.557862888957
1 -465.832400720956
1 -430.342795517902
1 -451.284756358916
1 -459.60214627172
1 -417.514224558602
1 -437.904812500278
1 -471.183486453697
1 -562.40324271073
1 -509.980228542872
1 -464.387636597507
1 -507.117720644601
1 -454.887006014815
1 -421.721347336756
1 -493.710949996284
1 -451.813982621729
1 -567.827735046933
1 -433.046763838263
1 -473.951580225673
1 -506.843243044841
1 -552.923836075081
1 -476.474496011292
1 -480.051132555559
1 -495.507707782394
1 -445.689545742312
1 -508.279510633258
1 -463.025732933886
1 -506.367066122948
1 -438.294119170735
1 -435.76082890695
1 -465.74518948006
1 -561.482164236793
1 -515.145984962828
1 -449.752633905121
1 -475.608950218032
1 -440.155244575635
1 -448.721702397847
1 -449.343502722854
1 -520.981471126447
1 -493.316495912666
1 -464.186500074959
1 -443.089848239708
1 -477.825482377625
1 -571.38371417409
1 -454.727485831086
1 -449.915854375149
1 -415.485678445293
1 -500.353894892669
1 -454.824809182242
1 -455.341499716155
1 -426.38473956913
1 -520.687697253663
1 -485.497677097158
1 -480.306774647943
1 -453.140512256311
1 -460.557327116362
1 -474.87445527139
1 -452.523334821819
1 -458.81237048917
1 -427.104198770678
1 -485.435508672083
1 -612.644205730817
1 -589.179891179015
1 -527.442405967804
1 -458.817852674542
1 -485.374994902088
1 -471.83098060799
1 -620.325281431633
1 -484.353381729363
1 -483.434822342588
1 -470.790275926447
1 -536.584355430136
1 -497.286888460735
1 -407.51801017791
1 -469.711474281098
1 -614.567308971914
1 -466.740679527788
1 -448.615883804848
1 -490.260967438871
1 -500.90592799279
1 -488.352880395837
1 -476.849239937849
1 -446.222675428487
1 -408.170670340269
1 -495.927529279072
1 -693.383237155842
1 -472.988910836136
1 -450.7292937177
1 -466.650266382374
1 -449.921298219635
1 -490.223222811892
1 -608.239750214068
1 -467.472907899946
1 -467.21620915946
1 -469.378279717603
1 -492.642281791689
1 -521.792162849977
1 -465.329630557676
1 -425.846774064098
1 -492.657344246084
1 -485.960758354054
1 -446.154936497578
1 -480.087513878402
1 -477.588716279342
1 -447.033700027077
1 -464.459688672036
1 -435.797175768471
1 -457.117326277512
1 -485.158845883404
1 -461.0267328502
1 -488.960139904293
1 -493.046077394865
1 -476.838627328391
1 -447.389424067524
1 -431.423219524163
1 -461.156072901758
1 -458.415056201034
1 -576.286462283804
1 -451.759170736921
1 -464.905740209076
1 -548.765156864306
1 -480.094180836943
1 -639.691750457416
1 -429.601923073619
1 -451.142961622963
1 -461.67016893861
1 -478.784989667247
1 -508.227235499703
1 -442.804518307582
1 -438.566209950864
1 -431.536485919537
1 -489.011887182755
1 -477.897111416326
1 -517.783028030294
1 -466.397927119999
1 -432.090720238421
1 -485.252983949636
1 -462.469608535798
1 -456.3435210585
1 -463.116942341912
1 -451.240889709936
1 -553.061536280097
1 -535.783701593573
1 -683.798859718365
1 -455.983769619195
1 -427.474252163051
1 -476.346284358442
1 -558.844787910573
1 -493.914740488322
1 -484.241143624331
1 -462.702840913209
1 -468.364198098925
1 -443.57671583839
1 -465.128391454073
1 -433.510368345935
1 -524.496568623078
1 -519.329151224213
1 -473.083622757997
1 -495.669221990624
1 -454.324344758561
1 -461.610110107813
1 -454.285281648481
1 -456.294550609471
1 -425.814728231444
1 -490.659019021678
1 -459.833366214468
1 -446.942622517099
1 -445.584443006908
1 -457.276937595452
1 -495.534113333918
1 -471.947704568265
1 -438.838892478088
1 -679.88315535672
1 -727.081618919101
1 -475.267837728666
1 -441.40613243826
1 -485.372411333174
1 -473.558493702342
1 -464.430686463402
1 -551.736474363906
1 -451.03423317272
1 -471.463009418471
1 -496.035783314142
1 -418.502025780754
1 -495.001593769473
1 -523.682751065735
1 -463.336521676183
1 -470.62667331943
1 -514.524554105833
1 -503.171470448649
1 -493.77283230001
1 -447.561090894055
1 -544.17183871891
1 -541.384686208346
1 -472.226661948127
1 -488.501914233552
1 -448.15362053896
1 -493.792359918643
1 -492.657280766196
1 -449.628618284237
1 -431.752200348967
1 -432.540404204929
1 -438.051272723783
1 -526.087254847596
1 -459.77857512014
1 -510.99920788289
1 -462.137558628228
1 -523.909535431244
1 -485.434841039023
1 -458.882753946455
1 -535.019922068614
1 -478.725999826679
1 -515.170090992001
1 -594.88146109743
1 -430.379347406529
1 -423.413750198165
1 -524.507827421417
1 -471.90207610015
1 -441.073707946771
1 -461.566179410511
1 -483.917293976788
1 -493.402429789569
1 -517.300400517229
1 -449.966269208346
1 -438.506724577792
1 -417.510797632303
1 -487.643068012744
1 -435.892643125158
1 -420.965173418608
1 -539.804376622044
1 -463.411395664082
1 -467.638334683329
1 -433.855590856069
1 -817.623659173705
1 -438.055196049447
1 -469.423023574222
1 -456.355073666259
1 -440.709063937561
1 -432.064491235451
1 -457.588951533694
1 -460.006896432219
1 -560.088569130812
1 -415.927989280362
1 -469.85411071887
1 -555.468710274454
1 -415.288418722071
1 -448.968147452433
1 -423.544176669566
1 -444.586242210221
1 -506.632645652871
1 -517.552603653826
1 -544.459373898576
1 -522.966362794364
1 -440.067519605236
1 -550.453871262846
1 -445.769597703816
1 -522.471557175663
1 -428.935554680265
1 -474.079948489248
1 -542.15891610454
1 -494.186537423502
1 -460.607496023613
1 -464.708449442242
1 -459.954059536472
1 -459.182993182594
1 -440.897761777137
1 -481.622056128117
1 -472.905977332516
1 -542.747299263624
1 -463.638054696958
1 -544.316843686943
1 -479.011666463691
1 -464.710279004521
1 -484.702819719018
1 -465.116257458931
1 -449.867974943174
1 -482.278289091198
1 -486.998825756757
1 -481.421540726501
1 -434.678144216605
1 -475.367940282467
1 -437.13234195053
1 -498.948386670861
1 -424.633899420712
1 -485.103637522855
1 -440.602058915829
1 -465.102185692956
1 -432.520427089855
1 -442.268618073172
1 -466.699091987266
1 -494.066714210817
1 -439.462246248468
1 -460.81851070312
1 -449.226969195138
1 -494.964373849882
1 -441.527226399785
1 -433.109597125281
1 -438.563048994922
1 -463.571718860578
1 -445.767923650919
1 -493.204942657144
1 -440.141593841759
1 -502.415947835289
1 -523.537356741599
1 -430.832632247302
1 -482.425780603535
1 -446.988375983892
1 -418.007384055841
1 -452.421658749813
1 -639.26754708632
1 -583.689674179766
1 -431.491232760095
1 -518.03570757869
1 -453.393476327335
1 -422.760657471599
1 -448.72442552446
1 -454.345590966909
1 -435.216322145493
1 -381.680829505626
1 -445.384935090942
1 -461.119489024497
1 -439.468998017389
1 -437.398971655512
1 -451.279672674332
1 -465.642757795592
1 -426.691781029831
1 -528.966162683275
1 -464.105985294339
1 -729.938777297434
1 -511.708296571101
1 -434.776537339587
1 -485.079848651537
1 -422.990149353097
1 -429.803713842603
1 -492.759851432822
1 -465.460002509133
1 -480.421519597485
1 -454.380168903867
1 -441.699124465345
1 -424.034514409755
1 -469.602848312434
1 -461.852180308142
1 -445.029758139981
1 -534.357111931172
1 -466.649788748441
1 -508.972061318502
1 -460.228724868728
1 -546.380587344686
1 -437.814123131375
1 -486.380682154675
1 -524.367136023329
1 -462.605464079502
1 -404.704815260004
1 -529.474106286898
1 -426.883486213114
1 -479.723428448153
1 -430.217410468003
1 -419.65809743516
1 -451.898044914856
1 -518.448122193149
1 -419.89905291473
1 -830.053138173525
1 -503.584218897402
1 -458.647402069801
1 -451.230827785309
1 -460.591270453392
1 -456.256697660251
1 -523.102952286081
1 -488.217427275117
1 -466.733953409459
1 -457.870295889506
1 -422.409245572908
1 -500.603089150786
1 -486.592187343149
1 -493.162235635225
1 -467.370063802264
1 -555.707697749597
1 -442.814041875295
1 -470.304299504676
1 -479.647720233345
1 -576.012170704132
1 -466.361013693017
1 -464.901899903225
1 -449.06948326684
1 -488.182633333167
1 -451.323096754663
1 -430.975708326287
1 -503.504415185319
1 -474.702725099974
1 -462.425651477361
1 -478.937824972547
1 -468.162483500123
1 -478.40593425974
1 -456.369682993341
1 -469.578974652052
1 -519.113083505829
1 -500.881668614284
1 -434.458350945022
1 -425.177710198454
1 -440.039524370661
1 -493.678922168783
1 -492.978150603562
1 -466.87124168443
1 -449.036931328806
1 -459.21037251162
1 -450.436612595695
1 -504.72125074208
1 -481.513189640737
1 -513.534879722499
1 -506.517940593199
1 -476.766326002576
1 -662.071233236361
1 -515.0306234043
1 -494.332388328189
1 -450.857304954866
1 -428.242232892728
1 -631.929484768534
1 -500.597926148316
1 -465.536060033855
1 -480.362289984271
1 -494.402115421622
1 -494.183650651792
1 -455.611340832718
1 -470.921714473604
1 -445.209907418587
1 -543.037144034031
1 -471.759349174761
1 -436.910308678762
1 -455.203583868524
1 -467.436342489691
1 -452.272269100717
1 -454.31639465221
1 -461.627470727421
1 -465.619113597882
1 -483.099345984783
1 -520.197033608838
1 -438.832262148026
1 -458.993516865291
1 -536.640462399873
1 -550.015175683427
1 -452.105109644663
1 -523.547711182459
1 -430.503701196017
1 -479.342338380206
1 -491.397668092475
1 -470.251290927592
1 -437.96935563023
1 -506.123293213534
1 -436.982255465068
1 -449.844918897213
1 -515.04870057073
1 -489.424488897328
1 -551.417643094965
1 -463.724865106485
1 -456.274108259436
1 -451.868274666367
1 -499.92829461587
1 -550.997482093862
1 -419.432731618485
1 -443.111565353149
1 -534.451116870116
1 -473.623953936908
1 -495.167526239015
1 -479.341359337582
1 -435.676854976919
1 -420.48102288561
1 -434.223324987215
1 -412.503329044966
1 -539.775857305358
1 -451.593465498945
1 -426.006162030035
1 -432.855871892457
1 -429.457295744839
1 -453.621627407585
1 -498.13815223132
1 -438.167334209538
1 -545.550781495763
1 -519.678952670688
1 -473.054485667035
1 -493.452475801348
1 -459.586854645977
1 -443.332867590129
1 -458.08739909603
1 -538.255492621431
1 -482.331115293277
1 -473.295770490267
1 -452.056694932423
1 -473.398658868973
1 -500.905593547429
1 -438.358144108975
1 -420.909840158856
1 -469.268316052762
1 -456.042540989188
1 -483.995229416223
1 -507.605261837796
1 -453.880068121748
1 -470.466744218356
1 -498.022211388616
1 -451.056082766854
1 -469.476132622049
1 -475.172342795815
1 -457.874275021197
1 -480.453100607292
1 -457.862505029993
1 -468.165863281911
1 -475.924757310509
1 -506.50492703852
1 -497.900527520301
1 -490.946045907492
1 -496.71810499774
1 -514.480692082486
1 -456.203847974734
1 -450.156643324817
1 -475.625123876
1 -416.2163700272
1 -439.665244122978
1 -442.997726061378
1 -482.526242471693
1 -566.923190149282
1 -482.686184092529
1 -451.663893755949
1 -452.712679468448
1 -463.801403739694
1 -432.504252287913
1 -448.2740177707
1 -540.599672589792
1 -436.019451285574
1 -451.344749826887
1 -467.269052549568
1 -466.902038539274
1 -486.704640138669
1 -518.982071746166
1 -483.677204151434
1 -439.972646930187
1 -519.059297523938
1 -469.313760106616
1 -560.727432343811
1 -468.688835461251
1 -485.287525961553
1 -474.192406969109
1 -532.782483752214
1 -497.980233433282
1 -470.345284320217
1 -462.815742508838
1 -541.388592878889
1 -457.099995372801
1 -443.202219102545
1 -415.702850318667
1 -469.134329144083
1 -520.487247058554
1 -437.42047175499
1 -524.017096395824
1 -447.635318707285
1 -463.102175508823
1 -464.510660904693
1 -472.137162489616
1 -449.911179387641
1 -453.005024894537
1 -410.29261633696
1 -465.47906889316
1 -449.652207912266
1 -483.473386765354
1 -480.701390841887
1 -442.930387215767
1 -484.930753380297
1 -462.92353628985
1 -429.696166271754
1 -471.690810087466
1 -648.683816876883
1 -465.99578272577
1 -465.930202757647
1 -504.19700357196
1 -492.587529215882
1 -451.969520405271
1 -459.785335827689
1 -481.520619729281
1 -481.177005447364
1 -453.366459964855
1 -452.146579092982
1 -500.948231689335
1 -491.61024860922
1 -448.523485815144
1 -477.801395490474
1 -452.281058343829
1 -461.013095325313
1 -438.707692381968
1 -432.68541455177
1 -438.926750057078
1 -478.626572615326
1 -490.967670572218
1 -484.269382397429
1 -532.357825747454
1 -509.528245331126
1 -573.523904485285
1 -463.258345142492
1 -501.947376939427
1 -431.927109033836
1 -402.708296789456
1 -626.216403631474
1 -464.294682657851
1 -446.254461799356
1 -475.071675538175
1 -585.449227230583
1 -463.727625515276
