751 0
501 0
251 -499.450262680057
1 -458.154257493959
752 0
252 0
753 0
502 -497.276462184004
2 0
253 -359.312888143393
3 -312.389078949593
503 0
754 0
254 0
4 0
755 -502.348663474095
504 -441.972496602716
255 0
505 -563.767535844306
756 0
256 0
506 0
5 -486.563838336451
757 -449.251789937932
257 0
507 -459.959723706049
6 -398.494618259804
258 -370.366275873835
508 -425.913160547964
259 -480.245337847407
758 -427.6217947492
7 -538.234365201617
260 0
509 -430.530667273388
8 0
759 -474.38824734769
510 -441.820451392516
261 -440.47125322777
9 -485.788074215066
262 0
760 0
511 -529.385746830258
263 0
10 0
761 0
264 0
512 -476.180629341627
11 -460.658481024723
762 -438.847245284535
265 0
12 -484.687727862365
513 -490.070768314865
13 -534.200484771929
266 -455.417362054789
514 -492.859352185349
763 -438.773813151272
515 0
764 0
267 0
516 0
765 0
14 -485.003823953889
766 -329.058480957656
517 -421.31333345452
15 -389.892009003745
268 -553.988500406888
16 -465.225901933763
767 0
518 0
17 0
768 0
519 0
269 -520.570047271462
18 0
520 0
769 -505.500185369101
19 -450.839803519898
770 0
521 -432.328370621349
270 -476.472607658707
771 0
271 0
20 -462.68905104796
522 0
772 -498.775802789453
21 0
272 -381.655315564444
523 0
773 0
22 0
273 0
774 -399.43322688174
524 0
23 0
775 0
776 0
274 -428.737755072461
525 -530.2906582898
777 0
275 0
778 0
24 -420.73822230293
276 0
526 -473.652125592139
779 0
25 0
277 0
780 0
26 0
527 -480.937618625887
27 0
781 -509.252699522733
278 -460.235191965808
528 0
28 -413.443824768933
782 -456.301938818626
529 0
279 -470.220459952486
29 -451.900117120374
280 -420.390354619826
30 0
783 -415.236379936346
31 -484.619430338284
530 -495.584969058882
281 0
784 0
32 0
531 0
282 0
283 -314.641208397859
785 -476.356381561516
532 0
33 0
284 0
533 0
34 -512.591723506262
786 -466.255786960801
285 0
534 -376.300060075607
787 0
35 0
535 -489.336542315755
286 0
788 -443.272581584608
36 -453.159624903776
536 0
287 -495.233870609013
537 0
37 -447.637099362908
789 -464.06639449259
538 -469.732770760345
288 -411.13625405842
539 -431.428168880643
38 -383.775999246438
540 0
39 -368.227979336666
790 -506.578640333544
40 0
541 -320.890002470264
289 -499.442281352458
41 0
791 -508.030732781606
542 -448.996889609532
792 -523.328829778791
290 -534.287244455811
42 -505.130976669932
543 0
291 0
793 -447.637841375581
43 -388.692340173691
544 0
44 0
292 -462.547706625571
545 0
794 -402.874596503011
45 -391.365899595542
546 0
293 -504.928218283851
547 0
46 0
795 -511.899979535713
294 -456.233202790202
548 -488.617183670215
796 0
47 0
295 -498.905285304829
48 0
549 -564.403958399851
296 0
797 -552.264352627674
49 -457.280336938481
297 0
550 -463.031691758431
798 -496.273022989158
298 0
50 -442.342612544167
551 -518.989533361491
799 0
299 -484.137007461527
800 0
552 -424.745837136697
51 -493.009531311372
300 -441.180861365353
801 -476.132654085859
553 -417.430791706863
52 -445.973217203743
802 -500.597830985328
301 0
554 -456.383054867615
302 0
803 -477.292111995098
53 -427.241542197976
555 0
804 -376.463961536899
54 -513.630136772747
556 0
303 -441.239270898564
805 0
55 0
557 0
304 -361.510038388246
806 0
305 0
558 0
807 0
56 -471.368895134106
808 0
559 0
306 -480.867300858279
57 0
809 -397.765671465322
307 0
58 -483.868592652925
810 -438.473980942433
59 0
560 -473.940286497054
308 0
811 -431.279282359753
561 0
309 -429.623835486836
812 -431.936613892958
562 -479.838700847779
60 -484.358632931503
310 0
813 -500.733908324946
311 0
61 0
563 -401.962814883916
814 0
312 0
62 0
564 -469.5108141064
815 -558.524881121514
313 -426.736267201022
816 0
565 0
63 -416.213674377275
314 0
817 -357.509794937982
566 -405.787727551399
64 -432.483388699723
567 -429.722069895888
315 0
818 -568.063013282938
316 0
819 -262.501320513309
65 -504.615379711026
568 -408.376767474294
317 -344.42397637946
820 -489.596307126305
569 0
66 0
318 0
821 0
67 -309.354933520467
319 0
822 0
570 -478.579202244589
68 0
320 -441.615229270553
571 0
823 -489.206426252053
321 -399.171741150894
69 -466.665783143583
824 0
572 0
322 -489.471247192341
70 -482.244202103743
573 0
825 -503.497096261185
323 0
71 0
574 0
826 -448.83098316717
324 -402.40657545354
72 0
575 -439.788212695191
827 0
325 -434.27275458896
73 0
576 -462.210721686063
326 -484.10650801145
74 -504.388955128832
577 0
327 0
828 -474.675112528189
75 0
829 0
578 -541.106173805872
76 0
328 -455.835914110025
830 -481.456029795879
77 -451.844164878423
329 -410.62680032411
579 0
78 0
580 -493.847224049659
330 -432.742997489299
831 0
331 -362.611625256193
832 0
581 0
332 0
79 -414.461303471114
833 -517.87315513252
333 0
80 0
834 0
334 0
835 -333.679337714443
81 0
335 0
582 -485.785801579652
82 -323.620853990292
836 -400.987628744076
336 -489.466537800354
583 0
83 0
837 -398.694751446271
584 -433.261796118245
337 -454.559630249207
84 -383.073937314293
585 0
838 -439.970792868394
338 0
85 -437.673531507698
586 -463.222988280165
86 -482.982202150595
339 -319.230552165095
839 0
340 -503.360858466806
587 -455.563147255589
840 -451.065995541455
87 -446.910131024936
588 0
341 -423.56596716786
88 0
589 0
841 -474.46207670987
89 0
590 -490.681387873337
342 0
842 -414.026054457395
90 0
343 -531.909085502491
843 0
591 -458.037955489488
844 -409.690859058287
592 -496.057123726246
91 -434.827156134077
344 -570.447105026517
845 -415.685812882316
593 -414.759991691938
92 0
345 0
594 0
93 0
346 -421.795185225449
846 -482.724183314076
94 0
347 0
847 0
595 0
95 0
848 -495.477831435664
596 0
348 -490.870592955162
849 -436.951277784203
96 -487.940798500119
597 0
349 -410.916665330774
97 0
598 -403.717986948493
850 -437.110739568425
98 -403.311038155607
599 0
851 0
600 0
99 0
100 0
350 -395.59347027307
601 -457.021398240443
101 0
852 -424.068186177351
351 -368.721038874753
602 -435.229402327764
853 -479.68773054663
102 -456.855958560709
603 0
352 -465.00662648441
854 -500.82109991223
353 0
604 -474.791845419986
855 0
103 0
354 0
605 -380.118143070263
104 0
355 -444.491738129216
606 0
856 -461.194848938362
607 0
857 0
608 0
7.361198971616
356 -492.672217490053
858 -406.797034571582
357 0
609 -406.509054094784
106 0
860 -505.877538515165
610 0
107 -456.021154406017
358 -480.006819522316
611 0
108 -407.081219393035
861 0
359 -435.25085966678
862 0
612 0
109 -348.346457535342
360 -449.283773193088
613 -528.520303127777
863 -457.743583147874
110 -468.893375440871
864 0
614 -416.114845315008
111 0
615 -474.036756131113
865 -516.12693277292
112 0
362 -446.798440734142
866 0
113 0
363 0
867 0
617 -541.019356894878
114 0
364 0
868 0
365 0
618 -442.771415286813
115 0
869 -479.955488053463
366 0
619 -424.488324163974
116 -469.107854378592
367 0
870 -450.996522964431
368 0
117 0
620 -430.066923449601
871 -487.797434573167
369 0
118 -475.392638975336
621 -512.408019531563
872 -512.598646153606
119 0
370 -372.002577663011
873 0
371 -545.832115399492
120 0
874 0
121 0
622 -456.993744769818
372 -384.487855271232
875 -476.229293575159
122 0
123 -376.132349686031
623 -473.632180330696
876 -391.481380852099
373 -433.431911467608
624 0
124 0
877 0
125 0
374 -507.146306404138
878 0
625 -417.016038689155
126 0
375 -471.554087397408
879 0
626 0
376 0
127 -465.902469485968
377 0
627 -487.656474177811
880 -469.30517537902
128 -387.369745908472
378 0
628 -413.331694666397
881 0
129 -407.405203453948
629 0
882 0
379 -463.80816630176
380 0
630 0
130 -446.061216138105
883 0
131 -384.19780899801
381 -465.310482105963
631 -428.63928939596
884 0
132 -509.172343640785
382 0
632 0
133 0
885 -472.959108684279
383 -449.968216351238
886 0
134 -429.750676239848
633 -461.275904100944
384 0
887 0
888 -403.42837576901
634 0
135 -508.372223229969
385 -442.827286164515
136 0
889 0
635 0
386 0
890 -607.528090959875
137 0
387 0
891 0
138 -459.825239552458
636 -509.865470050386
139 0
892 0
637 0
140 0
388 -502.477924577249
893 -399.101855933282
638 0
141 0
894 0
389 0
639 0
142 -533.109757007821
895 0
390 -435.317691298565
143 0
896 0
640 -420.870377453753
897 -468.177207750387
144 0
391 0
641 0
392 0
145 0
146 0
898 -467.4150333841
642 0
393 -474.791709734745
147 -365.10878335605
643 -390.272502841071
899 -470.617699676268
148 0
394 -437.96416736086
644 -445.562702076074
900 0
149 0
395 -443.554002785618
645 -474.798130589704
150 -477.550686142081
901 -472.424940099359
646 0
396 0
151 0
647 -458.648105542636
397 -440.694681557829
152 -289.754058059088
902 -447.787069141725
648 0
153 -449.603203257709
903 0
398 -477.727238994419
154 0
649 -466.557474901208
904 0
155 -526.620137826228
399 -405.702212901815
650 -384.175522803787
156 0
905 0
400 -370.222982162716
157 0
906 -465.128228846368
651 -383.816143362026
401 -445.728721508942
158 0
652 0
402 -397.29256512544
907 -499.898652670083
159 0
653 0
403 -521.670988604228
908 -434.813327935046
654 -425.641852665137
160 -455.032646506481
909 0
404 0
161 0
655 -476.814189660502
405 0
406 0
162 0
910 -467.980907593812
656 -468.235693780628
163 0
407 -484.902295184497
657 -490.339193973455
164 -407.663267118608
911 -438.973473286808
408 -475.430862188375
658 -459.241196487881
912 -430.546641396745
409 0
165 0
659 0
913 -328.042774974335
914 0
410 -440.656183698707
660 -477.055819075645
166 -458.394351490199
661 0
411 -428.438101359063
915 -509.590759449452
662 -437.479421556475
167 -482.127961205947
916 0
412 -403.174475152923
168 -390.589572972999
663 0
413 0
917 -353.425875204039
414 0
169 -442.318269570308
918 -361.041763554226
664 -469.514712676755
415 0
919 0
416 -384.83112332699
170 -425.056992952477
665 -564.178107502755
920 0
171 0
172 0
666 -498.747324805038
417 -442.141846029642
173 0
667 -463.828480427253
921 -460.577482485292
418 -437.665977912616
922 0
174 0
419 -388.552674472464
668 0
175 -475.856031322053
420 0
923 -407.244037724297
669 -424.780255428914
176 0
421 0
924 0
177 0
670 -515.245301023981
422 0
925 -482.61402925931
671 -484.758307621291
423 0
178 0
926 0
927 0
179 0
672 -437.809886328466
424 -389.552812769978
928 -382.672566516362
673 -468.20353907151
425 0
929 0
180 -462.492330242981
674 -467.491835223655
930 -470.894518542764
181 -463.325988057761
426 -488.082234475939
675 -446.331049879234
182 0
427 0
676 0
931 -423.475132969031
183 -463.206969094188
428 0
184 0
677 -472.481971677041
932 -458.879008647273
678 0
185 -479.670056030557
429 -520.300140166796
933 0
679 0
934 0
430 -453.381141142017
186 -467.806828893913
935 0
187 -481.112770792436
431 -471.258578237155
188 0
936 -495.043751890023
680 -438.854032566383
432 -380.005970917807
937 0
189 0
681 0
433 0
190 0
682 0
938 -435.642643466849
191 0
434 -468.130577587544
192 -453.548863070807
939 -431.700258012313
193 -453.058212649182
435 -444.005231443612
683 -419.558411948628
940 -496.40375441129
194 0
436 -444.112528292351
941 0
437 0
684 0
438 -456.603571130643
195 -492.752899731386
685 -474.711401622585
942 -485.37158244244
439 0
196 -437.707922294805
943 0
440 0
686 -437.091858721317
197 0
441 0
944 -421.182389871433
687 0
442 -396.893330488979
198 0
688 0
443 0
945 -497.444709111505
689 0
199 -420.025991914486
444 -385.332373959102
946 -506.224701574354
200 0
690 -423.156239342859
445 -490.267756440232
691 -518.800612439918
201 -442.151157926673
446 0
947 0
202 -494.938382438193
692 0
447 0
948 0
203 0
693 0
694 0
448 -545.527604586482
949 0
204 0
950 0
205 0
449 -496.464720725953
695 0
951 0
206 0
696 0
450 -423.720625583712
952 0
207 -467.758220018766
697 0
451 0
208 0
698 0
953 0
452 0
954 -374.05198013829
209 0
453 0
699 -439.506025095682
955 0
210 0
454 0
956 0
700 -453.669570831039
701 0
455 -421.911346577986
211 -436.887977997458
957 -427.159564551971
456 0
212 -409.411493905054
958 0
457 -451.839805286625
213 0
702 -482.716946962114
703 0
458 0
959 -435.890185435994
214 -425.965875727741
459 0
704 -325.163299201847
215 0
705 0
460 -402.65403553974
960 0
216 -421.113761241543
706 0
461 -419.027022296348
707 -431.487740783609
217 -488.73938545313
708 0
462 -539.860739166897
961 -468.30352696503
218 0
962 0
463 0
219 0
709 -419.459854278159
464 -462.048604532583
963 0
710 -449.920538159176
465 -372.952648859837
220 -459.966484832819
711 0
466 0
964 -446.305201698749
221 -415.682553175145
712 0
965 0
713 0
222 0
467 -423.210227623372
966 0
468 -548.679127092555
223 -472.416263242792
967 -481.530858053247
714 0
469 -412.68896259794
224 -436.049207380051
715 -418.781501728915
968 -482.56115466927
470 -376.675837514995
716 0
225 -475.796651691951
969 -375.988567604679
226 0
717 -460.417717626171
970 -456.531913805236
971 0
227 0
471 -462.256455477927
718 -425.968750910499
228 -438.357230834185
472 -351.862959611537
972 0
719 0
973 0
229 0
720 0
974 0
230 0
473 -418.642898040389
975 0
474 0
721 -440.833191078127
231 0
475 0
976 -424.727339165543
722 -492.243955555693
476 -459.994708414513
977 -453.836371718808
723 0
232 -480.231787662433
233 0
978 -455.955672599373
724 -438.01249321973
477 -467.787577086654
234 -422.24990057349
979 0
980 0
478 -510.376670909807
235 0
725 -420.190195974612
479 0
236 0
480 -306.77914099897
726 -463.001050789558
237 0
481 0
981 -455.400317044052
727 0
238 0
482 0
982 0
728 -401.310193659299
483 -390.424968465197
239 -378.633752980306
983 0
484 0
729 -576.37357144813
240 0
730 0
485 0
984 -446.689442235026
731 0
985 0
241 -481.598712006814
486 0
242 0
732 -482.551673165688
487 -442.677270655167
986 -514.735997384719
733 0
488 -428.190145541407
243 -471.017933627138
987 0
489 0
244 0
988 0
734 -467.586422409738
490 -419.685084672494
245 -423.503580222473
735 0
736 0
246 0
491 -479.722487490619
492 -529.749859516926
737 0
989 -466.999825228243
247 -441.894971544343
248 0
738 -504.798163674991
493 -483.140298662477
990 -472.522148896815
739 0
991 -362.991298025861
249 0
494 0
740 0
992 0
250 -361.971737660838
741 -469.705942592213
993 0
495 -558.809834842577
742 -394.358062202116
994 0
743 0
995 -675.556377004227
496 -459.217397278167
744 -470.467395537355
497 0
996 -498.10930521943
745 0
498 0
746 0
499 0
997 -496.523063176824
747 0
998 0
748 -448.670496012937
500 -408.484770709094
999 -473.927412571129
749 -435.50368052081
1000 0
750 0
608 0
361 0
